1	600332	白云山	46.00	6.41	2.77	16.1万	88	45.99	46.00	43.23	9.61	1.50	7.22亿	0.57	43.23	 医药制造	46.18	42.75	43.23	43.23	7.93	3.08	-67.53	-372	44.95	6.51万	9.57万	0.68	24	339	3.78	16.3亿	748亿	10.7亿		493亿		7.75		8.31		5.71		11.08		
2	002065	东华软件	10.36	6.26	0.61	124万	260	10.35	10.36	9.59	4.76	4.45	12.5亿	0.19	9.59	 软件服务	10.50	9.51	9.59	9.75	10.15	6.17	19.23	1465	10.04	52.4万	71.8万	0.73	572	174	3.60	31.4亿	325亿	27.9亿		289亿		16.93		16.93		11.19		11.19		
3	600804	鹏博士	16.04	4.36	0.67	9.76万	9	16.03	16.04	15.57	-18.79	0.68	1.55亿	0.31	15.57	 电信运营	16.06	15.41	15.57	15.37	4.23	3.61	-65.45	-1967	15.87	3.14万	6.61万	0.48	57	161	3.17	14.3亿	230亿	14.3亿		230亿		1.01		1.01		2.00		4.39		
4	600887	伊利股份	27.96	4.25	1.14	74.7万	36	27.96	27.97	26.83	-18.36	1.24	20.7亿	0.00	26.83	 食品饮料	28.25	26.83	26.83	26.82	5.29	4.51	-80.74	-5415	27.73	31.3万	43.4万	0.72	25	158	6.25	60.8亿	1700亿	60.3亿		1687亿		7.75		2.46		3.40		6.63		
5	600535	天士力	43.23	3.77	1.57	6.41万	100	43.22	43.23	41.94	25.15	0.59	2.73亿	0.12	41.94	 医药制造	43.23	41.79	41.94	41.66	3.46	2.21	-3.30	-39	42.50	2.28万	4.14万	0.55	79	46	5.17	10.8亿	467亿	10.8亿		467亿		4.07		0.63		2.82		5.87		
6	601888	中国国旅	64.00	3.51	2.17	5.04万	118	64.00	64.05	61.60	20.00	0.26	3.19亿	-0.28	61.60	 旅游酒店	64.48	61.60	61.60	61.83	4.66	3.07	20.41	60	63.30	1.71万	3.33万	0.51	153	32	8.28	19.5亿	1250亿	19.5亿		1250亿		2.45		2.76		0.96		1.91		
7	000963	华东医药	79.41	3.16	2.43	3.58万	166	79.41	79.44	76.70	27.13	0.41	2.79亿	-0.19	76.70	 医药制造	79.71	75.88	76.70	76.98	4.98	2.44	71.76	257	77.88	1.48万	2.10万	0.70	4	14	8.53	9.72亿	772亿	8.68亿		689亿		7.14		7.09		1.96		3.73		
8	601018	宁波港	5.21	2.96	0.15	24.2万	149	5.21	5.22	5.16	-3.58	0.19	1.27亿	-0.19	5.16	 港口水运	5.33	5.16	5.16	5.06	3.36	13.73	-43.58	-1.34万	5.25	11.3万	12.9万	0.87	1526	2692	1.85	132亿	686亿	128亿		667亿		2.36		1.17		0.30		0.46		
9	000423	东阿阿胶	58.99	2.32	1.34	4.76万	23	58.99	59.01	57.66	-2.26	0.73	2.79亿	-0.03	57.66	 医药制造	59.12	57.20	57.66	57.65	3.33	2.79	23.57	131	58.63	2.05万	2.71万	0.76	163	1	3.68	6.54亿	386亿	6.54亿		386亿		3.87		5.81		3.30		5.86		
10	600739	辽宁成大	16.83	2.12	0.35	1.25万	57	16.82	16.83	16.53	-1.88	0.08	2087万	0.54	16.53	 商业百货	16.83	16.45	16.53	16.48	2.31	1.36	-0.65	-6	16.67	4515	7999	0.56	53	27	1.28	15.3亿	257亿	15.3亿		257亿		0.96		-2.49		0.46		1.27		
11	002508	老板电器	35.36	2.11	0.73	3.56万	9	35.37	35.38	34.67	-30.48	0.38	1.25亿	0.08	34.67	 家电行业	35.51	34.63	34.67	34.63	2.54	1.63	-54.45	-255	35.09	1.51万	2.05万	0.74	1	204	6.89	9.49亿	336亿	9.35亿		330亿		-0.67		-3.57		2.94		4.96		
12	002195	二三四五	5.89	2.08	0.12	43.4万	140	5.89	5.90	5.75	25.86	1.33	2.51亿	-0.17	5.75	 电子信息	5.92	5.63	5.75	5.77	5.03	1.70	3.38	764	5.78	19.2万	24.2万	0.79	2250	1638	2.55	34.2亿	201亿	32.5亿		192亿		-12.22		-15.98		9.37		16.74		
13	002027	分众传媒	11.98	2.04	0.24	25.4万	111	11.98	11.99	11.67	-20.24	0.44	3.02亿	-0.08	11.67	 电子信息	12.03	11.66	11.67	11.74	3.15	2.02	-52.86	-8408	11.90	8.99万	16.4万	0.55	209	1412	12.66	122亿	1465亿	58.0亿		695亿		5.18		-0.17		2.21		4.69		
14	601933	永辉超市	9.54	2.03	0.19	33.1万	129	9.54	9.55	9.27	-10.30	0.41	3.15亿	-0.10	9.27	 商业百货	9.64	9.26	9.27	9.35	4.06	2.02	0.55	135	9.53	11.3万	21.7万	0.52	2201	381	4.73	95.7亿	913亿	81.4亿		776亿		1.49		4.15		1.92		4.37		
15	600977	中国电影	17.55	2.03	0.35	5.31万	101	17.55	17.59	17.22	2.34	0.94	9302万	-0.28	17.22	 文化传媒	17.61	17.18	17.22	17.20	2.50	1.97	-11.83	-231	17.50	2.03万	3.29万	0.62	54	21	3.07	18.7亿	328亿	5.65亿		99.2亿		1.74		1.04		3.86		10.32		
16	002422	科伦药业	34.57	1.95	0.66	5.44万	67	34.53	34.57	33.93	32.93	0.53	1.86亿	-0.03	33.93	 医药制造	34.59	33.66	33.93	33.91	2.74	1.79	-51.81	-574	34.23	2.00万	3.44万	0.58	30	23	4.11	14.4亿	498亿	10.3亿		357亿		2.31		2.22		3.08		6.31		
17	600398	海澜之家	13.62	1.72	0.23	10.4万	59	13.62	13.63	13.39	22.58	0.23	1.41亿	-0.07	13.39	 纺织服装	13.69	13.32	13.39	13.39	2.76	2.04	17.55	663	13.57	4.95万	5.42万	0.91	235	180	4.97	44.9亿	612亿	44.9亿		612亿		5.58		1.64		1.12		2.46		
18	002304	洋河股份	138.70	1.72	2.35	2.77万	30	138.70	138.73	134.67	-2.47	0.22	3.86亿	-0.12	134.67	 酿酒行业	142.19	134.67	134.67	136.35	5.52	2.98	89.57	378	139.61	1.37万	1.40万	0.98	193	8	6.34	15.1亿	2090亿	12.4亿		1723亿		10.08		7.52		1.08		1.69		
19	002594	比亚迪	53.66	1.67	0.88	2.31万	2	53.65	53.66	52.53	-18.59	0.20	1.23亿	-0.17	52.53	 汽车行业	53.79	52.42	52.53	52.78	2.60	1.54	-57.28	-118	53.21	8773	1.43万	0.61	8	3	2.86	27.3亿	1464亿	11.4亿		611亿		-0.90		-1.61		1.18		2.80		
20	600011	华能国际	6.80	1.49	0.10	3.85万	1001	6.79	6.80	6.69	1.46	0.04	2601万	0.00	6.69	 电力行业	6.80	6.68	6.69	6.70	1.79	0.52	8.29	553	6.76	1.88万	1.97万	0.95	1311	748	1.48	152亿	1034亿	105亿		714亿		-1.16		4.62		0.46		1.43		
21	600373	中文传媒	15.77	1.41	0.22	3.36万	69	15.75	15.76	15.57	-15.89	0.24	5323万	0.06	15.57	 文化传媒	15.95	15.55	15.57	15.55	2.57	1.67	52.66	1027	15.84	1.49万	1.87万	0.80	210	2	1.80	13.8亿	217亿	13.8亿		217亿		1.28		4.09		1.14		3.12		
22	601225	陕西煤业	8.08	1.38	0.11	38.3万	4	8.08	8.09	8.09	-1.96	0.38	3.11亿	0.12	8.09	 煤炭采选	8.17	8.07	8.09	7.97	1.25	1.84	-17.18	-3653	8.12	19.7万	18.6万	1.06	489	2545	1.70	100亿	808亿	100亿		808亿		0.50		-7.45		1.28		4.47		
23	601727	上海电气	6.15	1.32	0.08	3.93万	10	6.14	6.15	6.04	-14.20	0.04	2398万	0.00	6.04	 输配电气	6.16	6.04	6.04	6.07	1.98	1.06	-35.74	-3440	6.11	1.48万	2.44万	0.61	501	11	1.60	147亿	906亿	98.5亿		606亿		-0.32		-0.97		0.45		0.78		
24	603799	华友钴业	108.26	1.30	1.39	3.91万	9	108.21	108.23	106.08	35.85	0.67	4.20亿	-0.13	106.08	 有色金属	109.16	105.01	106.08	106.87	3.88	1.27	1.41	2	107.51	1.76万	2.15万	0.82	17	9	9.50	5.93亿	642亿	5.86亿		634亿		-3.64		-6.58		4.76		10.98		
25	603288	海天味业	72.26	1.23	0.88	1.54万	3	72.25	72.42	71.20	16.77	0.06	1.11亿	-0.43	71.20	 食品饮料	72.70	71.01	71.20	71.38	2.37	1.86	-19.91	-25	72.27	6695	8713	0.77	11	1	18.31	27.0亿	1952亿	27.0亿		1949亿		4.14		3.76		0.32		0.66		
26	002475	立讯精密	23.97	1.22	0.29	3.92万	38	23.96	23.97	23.68	-10.75	0.12	9380万	-0.13	23.68	 电子元件	24.10	23.60	23.68	23.68	2.11	1.41	-16.27	-194	23.93	1.88万	2.04万	0.92	14	30	5.68	31.7亿	761亿	31.6亿		758亿		3.86		-0.08		0.94		1.85		
27	002241	歌尔股份	11.84	1.20	0.14	8.75万	23	11.83	11.84	11.75	-34.81	0.32	1.04亿	0.00	11.75	 电子元件	11.95	11.72	11.75	11.70	1.97	0.96	53.58	3900	11.85	3.84万	4.91万	0.78	281	25	2.61	32.5亿	384亿	27.2亿		322亿		-2.55		-5.13		2.59		6.89		
