600436
002044
000538
002294
002153
603858
600196
600085
600276
600518
601607
002450
601155
600600
002460
600867
601992
600998
000963
002714
600809
000002
600438
000999
600010
002024
002465
600637
002146
601012
601985
601688
002797
000826
000627
000792
600958
000069
002736
600153
000001
002500
600030
002422
002558
002180
002555
600909
601788
600585
601211
002202
000039
600606
000776
601238
600516
601333
600297
000568
600340
000858
601555
601198
600570
600068
600048
600999
002142
601877
601669
002027
000728
600109
000709
002673
001979
600519
000651
600369
601377
600000
600820
601336
601009
000027
600066
000581
000338
601169
600837
601901
601857
000876
002008
000783
000333
000166
600061
601186
600015
600816
601939
002456
600919
603993
000559
000157
600415
601958
600111
600023
002385
600332
600016
600583
000938
000402
002304
000656
600177
601006
601398
002230
600170
601229
002475
600027
600893
601718
000423
600705
601318
601601
600398
601998
000768
600089
603288
000060
000063
000630
000825
002081
002310
002602
600372
600489
600642
601118
601390
601866
002415
000413
002624
600118
002466
600487
000883
601899
601988
601288
600703
601328
600688
600895
600886
600900
600977
600008
601766
600028
601111
601611
601628
600018
600660
601997
603799
600383
601800
000425
600029
600208
601668
601919
600036
601166
601818
000895
601117
600115
600690
600482
601618
000625
002241
601699
600547
600373
600031
000725
601098
600352
600674
600362
000983
600535
000050
000839
002493
000898
600104
600741
601727
601933
002508
002594
601225
002236
600926
601021
600808
600019
600739
002195
600887
601018
600009
600271
600011
601888
002065
600804