1	600436	片仔癀	116.84	-10.00	-12.98	21.6万	66	116.85	116.86	128.50	47.88	3.58	26.7亿	0.00	128.50	 医药制造	131.90	116.84	128.50	129.82	11.60	2.74	62.15	369	123.70	11.0万	10.6万	1.04	93	17	15.88	6.03亿	705亿	6.03亿		705亿		-0.54		7.22		6.84		10.11		
2	002044	美年健康	28.10	-7.26	-2.20	15.2万	3975	28.09	28.10	30.20	30.36	1.39	4.47亿	-0.35	30.20	 医疗行业	30.30	28.10	30.20	30.30	7.26	1.95	-89.29	-2368	29.38	9.17万	6.05万	1.52	13	2182	11.43	26.0亿	731亿	11.0亿		308亿		-6.49		-4.81		3.06		4.95		
3	000538	云南白药	110.03	-7.11	-8.42	8.42万	1041	110.03	110.04	117.30	-6.92	0.81	9.65亿	-0.05	117.30	 医药制造	119.00	109.00	117.30	118.45	8.44	1.58	-9.42	-139	114.72	4.99万	3.42万	1.46	260	17	6.08	10.4亿	1146亿	10.4亿		1146亿		-5.24		-0.74		1.92		3.36		
4	002294	信立泰	42.80	-6.55	-3.00	11.9万	1244	42.80	42.83	45.41	-10.11	1.14	5.33亿	-0.12	45.41	 医药制造	46.32	42.75	45.41	45.80	7.79	1.30	54.86	790	44.66	6.77万	5.17万	1.31	1043	10	7.95	10.5亿	448亿	10.5亿		448亿		-2.86		1.47		3.16		5.53		
5	002153	石基信息	29.35	-6.23	-1.95	20.4万	2045	29.35	29.36	31.40	-6.64	4.21	6.15亿	0.10	31.40	 软件服务	31.40	29.11	31.40	31.30	7.32	1.17	78.02	873	30.11	13.2万	7.21万	1.83	414	4	5.88	10.7亿	313亿	4.84亿		142亿		-5.66		2.12		10.35		22.23		
6	603858	步长制药	52.97	-6.11	-3.45	16.1万	36	52.97	52.98	56.10	-1.93	4.90	8.85亿	-0.45	56.10	 医药制造	56.59	52.88	56.10	56.42	6.58	1.26	-28.96	-107	55.08	9.63万	6.44万	1.50	22	51	2.71	6.82亿	361亿	3.28亿		174亿		-0.82		-1.52		14.50		24.41		
7	600196	复星医药	45.06	-5.91	-2.83	35.1万	324	45.09	45.10	47.40	-13.57	1.84	16.3亿	0.24	47.40	 医药制造	47.85	44.80	47.40	47.89	6.37	1.34	56.23	1269	46.50	21.5万	13.6万	1.58	6	24	4.34	25.0亿	1124亿	19.1亿		861亿		2.04		3.37		5.75		8.68		
8	600085	同仁堂	40.00	-5.82	-2.47	21.1万	3	39.99	40.00	42.20	10.02	1.54	8.80亿	0.35	42.20	 医药制造	43.19	39.55	42.20	42.47	8.57	1.63	29.48	555	41.72	11.3万	9.78万	1.16	312	537	6.31	13.7亿	549亿	13.7亿		549亿		0.20		-1.01		3.89		6.26		
9	600276	恒瑞医药	95.42	-5.77	-5.84	23.9万	47	95.58	95.60	100.25	21.02	0.85	23.7亿	0.99	100.25	 医药制造	102.87	93.16	100.25	101.26	9.59	1.75	-22.58	-21	98.96	13.8万	10.2万	1.35	1	4	16.48	28.3亿	2703亿	28.2亿		2688亿		1.41		3.97		2.06		3.27		
10	600518	康美药业	26.35	-5.72	-1.60	30.7万	1001	26.52	26.56	27.87	0.58	0.70	8.35亿	2.21	27.87	 医药制造	28.25	25.67	27.87	27.95	9.23	1.74	-94.48	-4586	27.20	17.7万	13.1万	1.35	2	4	4.29	49.7亿	1311亿	44.0亿		1160亿		-2.84		-0.23		1.45		2.70		
11	601607	上海医药	25.55	-5.41	-1.46	18.8万	23	25.56	25.59	27.00	-3.39	0.98	4.95亿	0.00	27.00	 医药制造	27.12	25.51	27.00	27.01	5.96	1.27	42.41	689	26.38	10.7万	8.03万	1.33	6	136	1.93	28.4亿	726亿	19.2亿		491亿		-4.63		-1.08		2.37		4.82		
12	002450	康得新	19.07	-4.94	-0.99	55.9万	6178	19.06	19.07	20.00	-7.12	1.93	10.8亿	0.10	20.00	 材料行业	20.18	18.75	20.00	20.06	7.13	2.93	-67.83	-6650	19.28	29.4万	26.5万	1.11	168	4211	3.60	35.4亿	675亿	28.9亿		552亿		-6.61		-9.58		3.16		5.23		
13	601155	新城控股	28.00	-4.76	-1.40	35.4万	14	28.00	28.01	29.30	7.92	4.93	9.86亿	0.00	29.30	 房地产	29.40	26.94	29.30	29.40	8.37	2.06	-28.84	-267	27.82	18.1万	17.4万	1.04	32	155	3.27	22.6亿	632亿	7.19亿		201亿		-5.60		-12.50		7.76		16.88		
14	600600	青岛啤酒	53.85	-4.50	-2.54	13.4万	10	53.86	53.87	54.00	3.46	1.92	7.38亿	0.00	54.00	 酿酒行业	56.88	53.53	54.00	56.39	5.94	1.57	17.89	36	55.13	7.48万	5.91万	1.27	2	19	4.08	13.5亿	728亿	6.96亿		375亿		6.63		2.73		5.55		8.06		
15	002460	赣锋锂业	43.86	-4.13	-1.89	29.0万	6627	43.85	43.86	45.69	-13.06	3.69	12.9亿	-0.07	45.69	 有色金属	45.70	43.50	45.69	45.75	4.81	0.95	-76.91	-3038	44.52	16.7万	12.3万	1.35	213	1059	12.58	11.1亿	489亿	7.86亿		345亿		-5.43		-4.72		10.97		23.04		
16	600867	通化东宝	25.29	-4.02	-1.06	41.4万	26	25.30	25.31	26.43	25.82	2.10	11.0亿	0.20	26.43	 医药制造	27.51	25.19	26.43	26.35	8.80	2.15	49.74	731	26.53	23.2万	18.2万	1.28	126	31	11.65	20.5亿	519亿	19.7亿		499亿		-0.53		2.29		4.09		6.98		
17	601992	金隅集团	4.08	-3.77	-0.16	45.9万	25	4.07	4.08	4.23	-22.84	0.56	1.90亿	0.00	4.23	 水泥建材	4.23	4.04	4.23	4.24	4.48	1.57	25.23	8843	4.13	32.6万	13.3万	2.45	1804	833	1.07	107亿	436亿	81.5亿		332亿		-3.32		-3.09		1.16		2.36		
18	600998	九州通	18.67	-3.76	-0.73	8.37万	6	18.69	18.70	19.55	-0.95	0.50	1.60亿	0.92	19.55	 医药制造	19.80	18.43	19.55	19.40	7.06	1.51	-71.72	-355	19.12	5.17万	3.20万	1.62	22	155	2.44	18.8亿	351亿	16.6亿		310亿		-1.99		1.30		1.08		2.17		
19	000963	华东医药	74.10	-3.74	-2.88	13.6万	1732	74.08	74.10	76.70	27.13	1.56	10.6亿	0.00	76.70	 医药制造	80.59	74.01	76.70	76.98	8.55	2.36	-81.25	-1286	77.87	7.85万	5.73万	1.37	25	1083	7.96	9.72亿	720亿	8.68亿		643亿		-0.03		-0.07		3.11		4.89		
20	002714	牧原股份	52.47	-3.67	-2.00	5.69万	262	52.47	52.48	54.26	-9.65	0.95	3.01亿	0.00	54.26	 农牧饲渔	54.26	52.03	54.26	54.47	4.09	1.19	49.13	118	52.78	3.19万	2.50万	1.27	51	38	5.84	11.6亿	608亿	6.00亿		315亿		-2.98		3.57		2.23		4.95		
21	600809	山西汾酒	59.77	-3.41	-2.11	6.36万	5	59.77	59.78	61.99	-6.67	0.74	3.92亿	0.08	61.99	 酿酒行业	63.15	59.63	61.99	61.88	5.69	1.33	-71.10	-438	61.57	3.62万	2.74万	1.32	35	13	8.70	8.66亿	518亿	8.66亿		518亿		2.54		0.61		2.19		3.49		
22	000002	万 科Ａ	25.60	-3.40	-0.90	55.6万	8203	25.60	25.61	26.30	-8.56	0.57	14.3亿	0.00	26.30	 房地产	26.37	25.34	26.30	26.50	3.89	1.72	-73.51	-4337	25.69	30.5万	25.1万	1.22	237	1502	2.08	110亿	2826亿	97.2亿		2487亿		-3.94		-5.43		1.11		2.23		
23	600438	通威股份	11.03	-3.25	-0.37	28.6万	30	11.04	11.05	11.38	-2.73	1.03	3.18亿	0.18	11.38	 农牧饲渔	11.49	10.88	11.38	11.40	5.35	0.99	74.67	1739	11.15	18.1万	10.4万	1.74	14	45	3.29	38.8亿	428亿	27.8亿		307亿		-5.16		-6.68		3.25		6.21		
24	000999	华润三九	27.87	-3.23	-0.93	11.4万	1891	27.87	27.88	28.65	-5.15	1.16	3.28亿	-0.07	28.65	 医药制造	29.62	27.86	28.65	28.80	6.11	1.62	17.62	178	28.83	6.51万	4.88万	1.34	505	351	2.66	9.79亿	273亿	9.78亿		273亿		-3.50		-2.72		2.85		4.75		
25	600010	包钢股份	1.76	-2.76	-0.05	304万	11	1.75	1.76	1.74	-15.45	0.96	5.28亿	0.57	1.74	 钢铁行业	1.79	1.67	1.74	1.81	6.63	1.93	7.35	1.74万	1.73	145万	159万	0.91	1.00万	1.74万	1.61	456亿	802亿	317亿		558亿		-12.44		-14.56		2.83		3.45		
26	002024	苏宁易购	14.98	-2.73	-0.42	97.3万	1.53万	14.98	14.99	15.45	5.61	1.93	14.8亿	0.27	15.45	 商业百货	15.55	14.93	15.45	15.40	4.03	0.88	69.65	2.65万	15.24	56.0万	41.3万	1.36	7232	555	1.77	93.1亿	1395亿	50.5亿		756亿		2.25		7.85		7.79		12.93		
27	002465	海格通信	9.72	-2.70	-0.27	26.0万	2889	9.72	9.73	10.01	14.08	1.38	2.56亿	0.00	10.01	 通讯行业	10.09	9.68	10.01	9.99	4.10	1.47	9.76	706	9.84	17.0万	9.05万	1.88	891	154	2.81	23.1亿	224亿	18.9亿		184亿		-6.45		-6.63		3.12		6.06		
28	600637	东方明珠	18.01	-2.70	-0.50	11.4万	10	18.04	18.05	18.52	0.96	0.46	2.07亿	0.00	18.52	 文化传媒	18.55	17.97	18.52	18.51	3.13	1.15	27.97	313	18.15	7.59万	3.83万	1.99	15	48	1.70	26.4亿	476亿	24.9亿		448亿		-3.95		-3.95		1.30		2.45		
29	002146	荣盛发展	9.31	-2.62	-0.25	41.8万	1795	9.30	9.31	9.58	7.24	1.07	3.90亿	0.00	9.58	 房地产	9.58	9.19	9.58	9.56	4.08	1.36	27.43	2963	9.34	27.3万	14.5万	1.88	1052	497	1.44	43.5亿	405亿	38.9亿		362亿		-4.41		-11.16		2.12		5.04		
30	601012	DR隆基股	24.41	-2.55	-0.64	18.4万	41	24.37	24.43	25.06	-5.54	0.66	4.55亿	0.04	25.06	 材料行业	25.44	24.30	25.06	25.05	4.55	0.77	-1.01	-6	24.78	11.8万	6.52万	1.81	10	193	4.95	27.9亿	681亿	27.7亿		675亿		-4.44		-8.41		2.40		4.97		
31	601985	中国核电	6.26	-2.49	-0.16	30.8万	72	6.25	6.26	6.40	-9.25	0.73	1.94亿	-0.16	6.40	 机械行业	6.41	6.23	6.40	6.42	2.80	2.28	19.35	4530	6.30	20.9万	9.94万	2.10	2564	836	2.19	156亿	974亿	42.3亿		265亿		-5.01		-6.15		1.39		2.33		
32	601688	华泰证券	17.00	-2.35	-0.41	34.3万	14	16.99	17.00	17.32	6.14	0.63	5.87亿	-0.18	17.32	 券商信托	17.45	16.92	17.32	17.41	3.04	1.06	3.44	66	17.11	21.6万	12.7万	1.71	12	233	1.37	71.6亿	1218亿	54.4亿		925亿		-3.13		-7.21		1.51		3.59		
33	002797	第一创业	7.11	-2.34	-0.17	46.4万	4038	7.10	7.11	7.28	-24.29	2.42	3.32亿	0.00	7.28	 券商信托	7.29	7.06	7.28	7.28	3.16	1.55	2.81	590	7.16	28.1万	18.3万	1.54	2141	2353	2.79	35.0亿	249亿	19.2亿		136亿		-4.18		-6.69		5.42		10.20		
34	000826	启迪桑德	20.48	-2.29	-0.48	7.67万	931	20.48	20.49	21.03	-11.21	0.65	1.58亿	0.15	21.03	 环保工程	21.05	20.29	21.03	20.96	3.63	0.94	71.08	817	20.59	4.23万	3.44万	1.23	196	10	2.32	14.3亿	293亿	11.9亿		243亿		-3.53		-6.15		1.86		4.10		
35	000627	天茂集团	7.77	-2.26	-0.18	8.20万	3495	7.77	7.78	7.92	-3.25	0.61	6430万	-0.26	7.92	 保险	7.96	7.77	7.92	7.95	2.39	0.99	60.15	7812	7.84	5.97万	2.23万	2.68	2269	1781	1.99	49.4亿	384亿	13.5亿		105亿		-1.77		-4.19		1.82		3.68		
36	000792	盐湖股份	12.30	-2.15	-0.27	16.6万	3234	12.29	12.30	12.54	-12.37	0.60	2.07亿	-0.40	12.54	 化工行业	12.69	12.27	12.54	12.57	3.34	0.74	1.40	35	12.50	9.79万	6.78万	1.44	60	690	1.85	27.9亿	343亿	27.5亿		338亿		-4.95		-9.23		1.94		4.68		
37	600958	东方证券	11.38	-2.15	-0.25	8.04万	654	11.37	11.38	11.65	-12.27	0.15	9247万	-0.18	11.65	 券商信托	11.67	11.37	11.65	11.63	2.58	1.36	-6.60	-264	11.51	5.01万	3.03万	1.65	468	631	1.52	69.9亿	796亿	51.9亿		590亿		-3.15		-4.69		0.40		0.72		
38	000069	华侨城Ａ	7.78	-2.14	-0.17	31.8万	1454	7.78	7.79	7.91	-8.83	0.52	2.49亿	-0.13	7.91	 房地产	8.00	7.71	7.91	7.95	3.65	1.83	9.51	1422	7.81	21.6万	10.2万	2.13	5184	531	1.19	82.0亿	638亿	61.5亿		478亿		-2.63		-4.42		1.15		1.93		
39	002736	国信证券	10.24	-2.10	-0.22	5.62万	736	10.24	10.25	10.45	-0.92	0.07	5809万	-0.10	10.45	 券商信托	10.48	10.22	10.45	10.46	2.49	1.24	39.39	971	10.34	3.84万	1.78万	2.16	109	289	1.76	82.0亿	840亿	82.0亿		840亿		-3.67		-5.19		0.16		0.35		
40	600153	建发股份	10.94	-2.06	-0.23	13.9万	1	10.94	10.95	11.19	-2.61	0.49	1.53亿	-0.18	11.19	 交运物流	11.25	10.94	11.19	11.17	2.78	1.38	76.99	2653	11.03	8.64万	5.27万	1.64	52	129	1.28	28.4亿	310亿	28.4亿		310亿		-2.32		-5.45		1.22		2.27		
41	000001	平安银行	10.38	-1.98	-0.21	88.9万	1.74万	10.37	10.38	10.58	-18.42	0.52	9.30亿	-0.19	10.58	 银行	10.63	10.35	10.58	10.59	2.64	1.30	60.33	2.16万	10.46	55.2万	33.7万	1.64	5066	320	0.88	172亿	1782亿	172亿		1782亿		-2.17		-5.21		1.20		2.52		
42	002500	山西证券	7.45	-1.97	-0.15	19.9万	2423	7.44	7.45	7.61	-11.28	0.70	1.49亿	0.00	7.61	 券商信托	7.62	7.38	7.61	7.60	3.16	1.10	51.72	4380	7.48	12.3万	7.63万	1.61	2006	161	1.68	28.3亿	211亿	28.3亿		211亿		-2.74		-6.52		1.91		3.91		
43	600030	中信证券	18.87	-1.97	-0.38	82.2万	167	18.85	18.86	19.18	4.92	0.84	15.6亿	-0.21	19.18	 券商信托	19.27	18.76	19.18	19.25	2.65	1.19	14.42	904	19.00	48.7万	33.5万	1.45	834	157	1.51	121亿	2286亿	98.1亿		1852亿		-2.58		-4.75		2.16		4.35		
44	002422	科伦药业	33.25	-1.95	-0.66	27.1万	1686	33.25	33.26	33.93	32.93	2.62	9.33亿	0.03	33.93	 医药制造	35.88	33.15	33.93	33.91	8.05	2.27	87.22	2021	34.47	13.2万	13.9万	0.95	1211	38	3.95	14.4亿	479亿	10.3亿		343亿		-1.60		-1.69		5.17		8.41		
45	002558	巨人网络	25.67	-1.95	-0.51	5.89万	472	25.66	25.67	26.30	-30.27	1.38	1.51亿	0.04	26.30	 文教休闲	26.30	25.52	26.30	26.18	2.98	1.69	-31.20	-780	25.74	3.44万	2.45万	1.40	76	135	5.81	20.2亿	520亿	4.27亿		110亿		0.35		-4.50		3.30		5.46		
46	002180	纳思达	34.00	-1.90	-0.66	4.79万	897	33.96	34.00	34.39	15.75	0.70	1.63亿	-1.02	34.39	 电子元件	34.66	33.50	34.39	34.66	3.35	0.69	-61.63	-151	34.08	2.64万	2.15万	1.23	21	123	8.95	10.6亿	362亿	6.86亿		233亿		0.44		2.78		2.48		5.74		
47	002555	三七互娱	13.83	-1.85	-0.26	9.65万	1312	13.83	13.84	14.03	-30.09	0.83	1.35亿	0.00	14.03	 电子信息	14.16	13.80	14.03	14.09	2.56	1.03	67.28	1846	13.94	7.21万	2.44万	2.96	52	225	4.82	21.5亿	297亿	11.6亿		161亿		-3.76		-8.05		2.40		4.85		
48	600909	华安证券	6.49	-1.82	-0.12	11.0万	39	6.49	6.50	6.61	-7.84	0.41	7189万	-0.15	6.61	 券商信托	6.63	6.48	6.61	6.61	2.27	1.32	13.24	1445	6.53	7.16万	3.85万	1.86	9	2442	1.90	36.2亿	235亿	27.0亿		175亿		-2.99		-4.98		0.91		1.95		
49	601788	光大证券	11.93	-1.81	-0.22	12.3万	74	11.93	11.94	12.15	-6.40	0.31	1.47亿	0.00	12.15	 券商信托	12.22	11.80	12.15	12.15	3.46	1.92	-9.95	-156	11.99	8.55万	3.72万	2.30	51	280	1.11	46.1亿	550亿	39.1亿		466亿		-3.56		-6.65		0.63		1.13		
50	600585	海螺水泥	33.49	-1.73	-0.59	45.7万	600	33.51	33.52	34.08	15.72	1.14	15.3亿	0.09	34.08	 水泥建材	34.19	33.08	34.08	34.08	3.26	1.59	77.68	5763	33.43	27.4万	18.4万	1.49	126	49	1.89	53.0亿	1775亿	40.0亿		1340亿		-1.33		-6.77		2.11		4.73		
51	601211	国泰君安	16.83	-1.69	-0.29	13.1万	88	16.82	16.84	17.08	-4.70	0.28	2.21亿	-0.18	17.08	 券商信托	17.17	16.81	17.08	17.12	2.10	1.13	72.41	4104	16.95	8.02万	5.04万	1.59	828	126	1.28	87.1亿	1467亿	47.3亿		797亿		-1.98		-4.70		0.72		1.49		
52	002202	金风科技	16.39	-1.68	-0.28	12.9万	1389	16.39	16.40	16.70	-8.54	0.46	2.14亿	-0.06	16.70	 输配电气	16.73	16.36	16.70	16.67	2.22	0.48	58.85	1486	16.54	7.45万	5.49万	1.36	177	99	2.73	35.6亿	583亿	28.0亿		460亿		-2.27		-6.45		3.30		5.25		
53	000039	中集集团	16.13	-1.59	-0.26	7.46万	437	16.12	16.13	16.40	-33.26	0.59	1.22亿	0.00	16.40	 金属制品	16.56	16.07	16.40	16.39	2.99	0.80	27.11	302	16.30	4.87万	2.59万	1.88	3	280	1.56	29.8亿	481亿	12.7亿		204亿		-2.06		-3.53		2.00		4.26		
54	600606	绿地控股	6.92	-1.56	-0.11	109万	1420	6.92	6.93	7.03	-1.37	3.38	7.46亿	0.00	7.03	 房地产	7.03	6.71	7.03	7.03	4.55	2.31	-16.49	-7495	6.86	65.0万	43.8万	1.48	1580	1.13万	1.31	122亿	842亿	32.2亿		223亿		-1.56		-5.21		5.33		10.69		
55	000776	广发证券	14.68	-1.54	-0.23	23.7万	5909	14.68	14.69	14.90	-6.35	0.40	3.49亿	0.00	14.90	 券商信托	14.98	14.61	14.90	14.91	2.48	1.32	77.95	1.15万	14.76	15.1万	8.60万	1.75	768	353	1.30	76.2亿	1119亿	59.2亿		869亿		-3.42		-6.50		0.98		1.91		
56	601238	广汽集团	18.16	-1.52	-0.28	4.59万	40	18.16	18.18	18.31	-26.48	0.11	8411万	-0.06	18.31	 汽车行业	18.55	18.14	18.31	18.44	2.22	0.95	24.35	267	18.32	2.75万	1.84万	1.49	193	68	1.81	72.9亿	1325亿	43.3亿		786亿		-1.41		-3.09		0.30		0.67		
57	600516	方大炭素	26.82	-1.51	-0.41	45.2万	103	26.82	26.83	27.02	-10.42	2.63	12.1亿	0.04	27.02	 材料行业	27.31	26.45	27.02	27.23	3.16	0.70	-53.04	-1956	26.77	26.4万	18.8万	1.41	39	471	5.78	17.9亿	480亿	17.2亿		461亿		-5.93		-9.24		10.02		21.28		
58	601333	广深铁路	4.58	-1.51	-0.07	23.0万	38	4.57	4.58	4.64	-19.57	0.41	1.05亿	0.44	4.64	 交运物流	4.65	4.54	4.64	4.65	2.37	1.36	-36.78	-1.14万	4.58	16.1万	6.90万	2.33	325	472	1.12	70.8亿	324亿	56.5亿		259亿		-0.43		-1.72		1.04		1.90		
59	600297	广汇汽车	6.73	-1.46	-0.10	17.7万	74	6.72	6.73	6.74	-15.59	0.74	1.19亿	0.30	6.74	 汽车行业	6.83	6.68	6.74	6.83	2.20	0.51	-1.62	-177	6.74	10.5万	7.25万	1.44	1303	26	1.54	81.4亿	548亿	23.9亿		161亿		-6.92		-7.30		3.02		7.98		
60	000568	泸州老窖	67.46	-1.45	-0.99	8.72万	579	67.45	67.46	68.50	-8.74	0.62	5.96亿	-0.06	68.50	 酿酒行业	69.26	67.30	68.50	68.45	2.86	1.23	46.21	134	68.38	4.87万	3.85万	1.27	128	31	6.04	14.6亿	988亿	14.0亿		946亿		4.35		2.41		1.90		3.15		
61	600340	华夏幸福	27.91	-1.45	-0.41	35.3万	607	27.90	27.93	28.29	-7.45	1.20	9.72亿	0.18	28.29	 房地产	28.29	26.90	28.29	28.32	4.91	2.34	74.83	3787	27.50	22.9万	12.5万	1.83	2	104	2.76	29.5亿	825亿	29.5亿		825亿		-3.16		-6.62		2.10		3.75		
62	000858	五 粮 液	76.34	-1.43	-1.11	32.9万	2540	76.33	76.34	77.50	-14.90	0.87	25.6亿	0.12	77.50	 酿酒行业	79.16	76.13	77.50	77.45	3.91	1.31	0.45	13	77.89	17.5万	15.5万	1.13	47	956	4.93	38.8亿	2963亿	38.0亿		2898亿		3.13		-1.09		2.44		4.17		
63	601555	东吴证券	7.57	-1.43	-0.11	7.33万	63	7.57	7.58	7.69	-17.70	0.25	5582万	-0.13	7.69	 券商信托	7.70	7.56	7.69	7.68	1.82	1.01	7.14	384	7.62	4.59万	2.74万	1.68	95	241	1.12	30.0亿	227亿	28.9亿		219亿		-2.70		-5.02		0.81		1.51		
64	601198	东兴证券	14.84	-1.40	-0.21	13.9万	62	14.82	14.83	14.97	-5.69	0.51	2.07亿	0.20	14.97	 券商信托	15.07	14.66	14.97	15.05	2.72	1.12	45.00	1126	14.87	8.52万	5.42万	1.57	200	141	2.10	27.6亿	409亿	27.6亿		409亿		1.57		-0.07		1.60		2.77		
65	600570	恒生电子	59.39	-1.39	-0.84	11.1万	32	59.39	59.40	60.23	31.21	1.80	6.67亿	-0.30	60.23	 软件服务	61.30	59.31	60.23	60.23	3.30	0.63	49.30	109	60.18	6.30万	4.79万	1.31	48	1	12.34	6.18亿	367亿	6.18亿		367亿		-6.56		-2.38		6.90		15.97		
66	600068	葛洲坝	7.84	-1.38	-0.11	23.0万	14	7.84	7.85	7.95	0.61	0.50	1.81亿	0.13	7.95	 工程建设	7.95	7.79	7.95	7.95	2.01	1.33	35.90	5888	7.86	16.6万	6.40万	2.59	2651	953	1.42	46.0亿	361亿	46.0亿		361亿		-1.63		-3.92		1.14		2.38		
67	600048	保利地产	12.43	-1.35	-0.17	148万	576	12.43	12.44	12.54	-7.21	1.26	18.1亿	-0.16	12.54	 房地产	12.56	11.92	12.54	12.60	5.08	1.81	-35.97	-5354	12.23	80.1万	67.9万	1.18	738	1490	1.41	119亿	1474亿	117亿		1459亿		-2.13		-9.60		2.19		4.75		
68	600999	招商证券	16.23	-1.34	-0.22	6.14万	38	16.23	16.24	16.41	-4.25	0.13	1.00亿	0.12	16.41	 券商信托	16.52	16.18	16.41	16.45	2.07	1.04	45.07	940	16.33	3.70万	2.44万	1.51	24	321	1.67	67.0亿	1087亿	49.0亿		796亿		-1.81		-4.75		0.37		0.73		
69	002142	宁波银行	17.06	-1.33	-0.23	15.9万	1093	17.06	17.07	17.26	1.68	0.36	2.72亿	0.00	17.26	 银行	17.26	17.00	17.26	17.29	1.50	1.03	26.60	926	17.08	11.6万	4.31万	2.70	179	161	1.61	50.7亿	865亿	44.9亿		766亿		-1.10		-5.48		0.90		2.07		
70	601877	正泰电器	27.67	-1.32	-0.37	8.55万	41	27.65	27.66	27.99	8.37	0.50	2.37亿	0.29	27.99	 输配电气	28.00	27.50	27.99	28.04	1.78	0.84	-69.72	-152	27.73	5.36万	3.19万	1.68	6	80	2.90	21.5亿	595亿	17.0亿		471亿		1.13		-2.02		1.99		3.49		
71	601669	中国电建	6.02	-1.31	-0.08	9.86万	73	6.02	6.03	6.10	-11.91	0.09	5949万	0.00	6.10	 工程建设	6.10	5.99	6.10	6.10	1.80	1.39	53.96	6501	6.03	6.22万	3.64万	1.71	10	258	1.24	153亿	921亿	111亿		671亿		-2.27		-3.83		0.23		0.41		
72	002027	分众传媒	11.59	-1.28	-0.15	63.5万	3564	11.59	11.60	11.67	-20.24	1.09	7.51亿	0.00	11.67	 电子信息	12.03	11.55	11.67	11.74	4.09	1.29	66.77	1.23万	11.83	32.6万	30.9万	1.06	4307	1025	12.25	122亿	1418亿	58.0亿		673亿		1.76		-3.42		2.86		5.35		
73	000728	国元证券	8.70	-1.25	-0.11	8.15万	1371	8.70	8.71	8.78	-18.73	0.28	7124万	0.00	8.78	 券商信托	8.87	8.66	8.78	8.81	2.38	0.91	52.44	2963	8.74	5.39万	2.77万	1.95	128	557	1.16	33.7亿	293亿	29.5亿		256亿		-1.81		-3.87		0.99		1.79		
74	600109	国金证券	8.01	-1.23	-0.10	14.6万	10	8.01	8.02	8.11	-9.33	0.48	1.17亿	0.13	8.11	 券商信托	8.15	7.98	8.11	8.11	2.10	1.06	-13.91	-2156	8.04	9.21万	5.37万	1.72	148	1048	1.27	30.2亿	242亿	30.2亿		242亿		-3.96		-6.43		1.49		2.75		
75	000709	河钢股份	3.23	-1.22	-0.04	46.0万	3871	3.22	3.23	3.27	-15.90	0.43	1.49亿	0.00	3.27	 钢铁行业	3.27	3.20	3.27	3.27	2.14	1.90	-22.44	-2.32万	3.23	26.5万	19.5万	1.36	1.13万	1413	0.74	106亿	343亿	106亿		343亿		-1.22		-2.71		0.86		1.58		
76	002673	西部证券	8.93	-1.22	-0.11	11.6万	3454	8.92	8.93	9.04	-25.08	0.33	1.05亿	-0.11	9.04	 券商信托	9.10	8.93	9.04	9.04	1.88	1.12	14.15	1050	9.01	7.71万	3.91万	1.97	1212	472	1.77	35.0亿	313亿	35.0亿		313亿		-2.62		-4.49		0.90		1.81		
77	001979	招商蛇口	21.26	-1.21	-0.26	30.8万	1351	21.25	21.26	21.48	9.97	1.62	6.51亿	-0.09	21.48	 房地产	21.57	20.84	21.48	21.52	3.39	1.45	-89.56	-3208	21.13	18.3万	12.5万	1.46	39	1959	2.60	79.0亿	1680亿	19.0亿		404亿		-3.71		-6.43		3.36		7.23		
78	600519	贵州茅台	731.43	-1.21	-8.97	4.08万	11	731.31	731.40	738.80	-5.01	0.32	30.3亿	-0.04	738.80	 酿酒行业	750.00	731.28	738.80	740.40	2.53	1.41	31.20	25	742.20	2.28万	1.80万	1.26	18	3	9.19	12.6亿	9188亿	12.6亿		9188亿		2.24		-0.46		0.88		1.48		
79	000651	格力电器	46.07	-1.20	-0.56	39.1万	5056	46.06	46.07	46.69	0.87	0.66	18.1亿	-0.04	46.69	 家电行业	46.79	45.97	46.69	46.63	1.76	0.77	-12.03	-701	46.27	22.7万	16.4万	1.38	710	361	3.91	60.2亿	2771亿	59.7亿		2750亿		1.01		-3.90		2.06		4.89		
80	600369	西南证券	4.26	-1.16	-0.05	9.35万	42	4.26	4.27	4.30	-9.94	0.17	4005万	-0.47	4.30	 券商信托	4.34	4.23	4.30	4.31	2.55	0.93	-12.75	-1435	4.28	5.61万	3.74万	1.50	348	1098	1.24	56.5亿	240亿	56.5亿		240亿		-2.74		-5.96		0.46		1.05		
81	601377	兴业证券	6.15	-1.13	-0.07	15.2万	40	6.14	6.15	6.22	-12.09	0.23	9361万	0.16	6.22	 券商信托	6.24	6.13	6.22	6.22	1.77	1.20	4.55	886	6.18	9.90万	5.25万	1.89	928	36	1.22	67.0亿	412亿	67.0亿		412亿		-2.54		-4.50		0.63		1.17		
82	600000	浦发银行	10.64	-1.12	-0.12	16.9万	29	10.63	10.64	10.70	-7.78	0.06	1.81亿	-0.19	10.70	 银行	10.74	10.61	10.70	10.76	1.21	0.94	55.06	6295	10.66	10.3万	6.61万	1.56	30	328	0.78	294亿	3123亿	281亿		2990亿		-1.39		-2.74		0.19		0.38		
83	600820	隧道股份	7.05	-1.12	-0.08	8.34万	13	7.04	7.05	7.12	-16.51	0.27	5902万	0.00	7.12	 工程建设	7.14	7.02	7.12	7.13	1.68	1.11	55.39	5707	7.07	5.43万	2.91万	1.86	1340	67	1.14	31.4亿	222亿	31.4亿		222亿		-2.08		-3.42		0.79		1.46		
84	601336	新华保险	43.85	-1.11	-0.49	18.6万	41	43.85	43.87	44.32	-38.32	0.89	8.09亿	0.07	44.32	 保险	44.42	42.45	44.32	44.34	4.44	1.40	56.22	1482	43.40	11.2万	7.46万	1.50	293	74	2.09	31.2亿	1368亿	20.9亿		914亿		-0.02		-6.12		1.85		4.09		
85	601009	南京银行	8.16	-1.09	-0.09	35.3万	24	8.16	8.17	8.21	9.17	0.44	2.87亿	0.25	8.21	 银行	8.27	8.04	8.21	8.25	2.79	1.08	-12.19	-1017	8.15	21.7万	13.6万	1.60	817	298	1.13	84.8亿	692亿	80.7亿		658亿		-1.57		-6.21		0.96		2.45		
86	000027	深圳能源	5.67	-1.05	-0.06	3.27万	1120	5.67	5.68	5.71	-6.60	0.08	1858万	0.00	5.71	 公用事业	5.73	5.66	5.71	5.73	1.22	0.61	21.89	1095	5.69	1.91万	1.36万	1.40	149	632	1.07	39.6亿	225亿	39.6亿		225亿		-2.74		-1.56		0.33		0.76		
87	600066	宇通客车	21.65	-1.05	-0.23	5.09万	1	21.65	21.66	21.90	-14.91	0.23	1.11亿	0.09	21.90	 汽车行业	21.92	21.62	21.90	21.88	1.37	0.74	42.89	312	21.78	3.03万	2.06万	1.47	15	5	3.24	22.1亿	479亿	22.1亿		479亿		-0.32		-2.30		0.74		1.79		
88	000581	威孚高科	22.88	-1.04	-0.24	6.56万	724	22.87	22.88	23.13	-4.71	0.78	1.51亿	0.04	23.13	 汽车行业	23.26	22.82	23.13	23.12	1.90	0.96	9.01	152	23.02	3.98万	2.59万	1.54	217	62	1.48	10.1亿	231亿	8.36亿		191亿		-1.51		-3.83		2.22		4.89		
89	000338	潍柴动力	8.64	-1.03	-0.09	38.9万	3095	8.64	8.65	8.73	-0.84	0.90	3.38亿	0.00	8.73	 机械行业	8.78	8.63	8.73	8.73	1.72	0.94	5.49	1590	8.70	21.2万	17.7万	1.20	1887	3033	1.86	80.0亿	691亿	43.2亿		373亿		2.49		1.53		3.47		5.70		
90	601169	北京银行	6.72	-1.03	-0.07	23.5万	228	6.72	6.73	6.75	-4.90	0.13	1.58亿	-0.30	6.75	 银行	6.78	6.70	6.75	6.79	1.18	1.14	-1.73	-590	6.73	14.7万	8.76万	1.68	2088	327	0.87	211亿	1421亿	182亿		1226亿		-1.18		-2.61		0.38		0.69		
91	600837	海通证券	10.73	-1.01	-0.11	29.1万	229	10.72	10.73	10.80	-11.34	0.36	3.13亿	-0.19	10.80	 券商信托	10.87	10.69	10.80	10.84	1.66	0.93	63.28	7072	10.76	16.1万	13.1万	1.23	47	119	1.04	115亿	1234亿	80.9亿		868亿		-4.03		-7.10		1.23		2.30		
92	601901	方正证券	6.00	-0.99	-0.06	7.42万	3	5.99	6.00	6.05	-14.08	0.09	4471万	-0.17	6.05	 券商信托	6.09	5.99	6.05	6.06	1.65	0.91	-9.04	-846	6.02	4.65万	2.77万	1.68	1308	170	1.31	82.3亿	494亿	82.3亿		494亿		-1.80		-3.54		0.27		0.59		
93	601857	中国石油	8.05	-0.98	-0.08	34.8万	118	8.04	8.06	8.12	-5.44	0.02	2.81亿	-0.12	8.12	 石油行业	8.14	8.01	8.12	8.13	1.60	0.60	36.43	1.50万	8.07	21.1万	13.7万	1.55	1621	518	1.23	1830亿	1.47万亿1619亿		1.30万亿	-2.42		-5.52		0.09		0.20		
94	000876	新 希 望	7.28	-0.95	-0.07	12.3万	1088	7.27	7.28	7.36	-3.62	0.29	8980万	0.14	7.36	 农牧饲渔	7.38	7.25	7.36	7.35	1.77	0.87	-2.44	-112	7.32	7.47万	4.80万	1.55	29	303	1.43	42.2亿	307亿	41.8亿		304亿		-0.27		-1.36		0.81		1.98		
95	002008	大族激光	54.66	-0.94	-0.52	6.67万	421	54.66	54.71	55.37	-5.47	0.67	3.67亿	0.02	55.37	 机械行业	55.55	54.50	55.37	55.18	1.90	0.69	42.70	435	54.95	4.04万	2.63万	1.54	303	27	8.23	10.7亿	583亿	9.93亿		543亿		2.17		0.07		2.72		5.56		
96	000783	长江证券	6.63	-0.90	-0.06	9.48万	1354	6.63	6.64	6.69	-14.10	0.17	6309万	0.15	6.69	 券商信托	6.72	6.62	6.69	6.69	1.49	1.18	29.13	3167	6.66	5.92万	3.56万	1.67	39	882	1.37	55.3亿	367亿	55.3亿		367亿		-2.07		-3.77		0.41		0.90		
97	000333	美的集团	51.49	-0.87	-0.45	21.7万	1337	51.49	51.50	51.50	-6.77	0.34	11.2亿	0.00	51.50	 家电行业	52.19	51.26	51.50	51.94	1.79	0.81	-25.56	-904	51.69	12.0万	9.69万	1.24	580	1902	4.75	65.9亿	3393亿	63.7亿		3281亿		1.16		-4.56		1.19		2.43		
98	000166	申万宏源	4.68	-0.85	-0.04	16.0万	671	4.68	4.69	4.71	-13.59	0.08	7480万	0.00	4.71	 券商信托	4.73	4.65	4.71	4.72	1.69	1.07	8.33	2792	4.69	10.9万	5.05万	2.16	2541	1598	1.55	225亿	1055亿	200亿		937亿		-1.89		-4.29		0.22		0.45		
99	600061	国投资本	11.73	-0.85	-0.10	2.50万	7	11.72	11.73	11.84	-10.39	0.07	2939万	0.00	11.84	 券商信托	11.90	11.68	11.84	11.83	1.86	1.08	16.54	505	11.75	1.67万	8317	2.01	16	232	1.35	42.3亿	496亿	36.9亿		433亿		-3.38		-5.02		0.21		0.38		
100	601186	中国铁建	9.39	-0.84	-0.08	13.5万	96	9.38	9.39	9.43	-11.04	0.12	1.27亿	-0.21	9.43	 工程建设	9.48	9.37	9.43	9.47	1.16	1.05	34.30	3483	9.42	8.20万	5.34万	1.53	1863	17	0.92	136亿	1275亿	115亿		1080亿		-2.39		-4.48		0.34		0.68		
101	600015	华夏银行	8.36	-0.83	-0.07	15.6万	36	8.36	8.37	8.42	-3.22	0.12	1.31亿	-0.12	8.42	 银行	8.43	8.30	8.42	8.43	1.54	1.08	-29.98	-6054	8.37	10.7万	4.90万	2.19	1768	664	0.70	128亿	1072亿	128亿		1072亿		-1.30		-2.90		0.37		0.69		
102	600816	安信信托	8.35	-0.83	-0.07	6.24万	50	8.34	8.35	8.38	-10.86	0.21	5230万	0.12	8.38	 券商信托	8.44	8.31	8.38	8.42	1.54	0.46	43.15	2100	8.38	3.42万	2.82万	1.21	209	50	3.62	54.7亿	457亿	30.0亿		250亿		-4.90		-10.02		1.38		2.47		
103	601939	建设银行	7.21	-0.83	-0.06	220万	994	7.21	7.22	7.25	-2.60	2.30	15.8亿	0.14	7.25	 银行	7.26	7.08	7.25	7.27	2.48	1.50	-28.15	-2.44万	7.16	139万	81.5万	1.70	1480	1.13万	1.03	2500亿	1.80万亿95.9亿		692亿		-1.10		-5.75		4.87		9.98		
104	002456	欧菲科技	19.37	-0.82	-0.16	23.2万	743	19.37	19.38	19.53	-19.38	0.87	4.55亿	0.05	19.53	 电子元件	19.94	19.21	19.53	19.53	3.74	0.93	24.43	384	19.56	13.5万	9.70万	1.40	359	149	5.59	27.1亿	526亿	26.6亿		515亿		0.57		0.05		2.54		5.58		
105	600919	江苏银行	7.32	-0.81	-0.06	25.9万	91	7.31	7.32	7.37	-2.18	0.43	1.90亿	0.00	7.37	 银行	7.39	7.28	7.37	7.38	1.49	0.91	-1.77	-280	7.32	15.7万	10.2万	1.55	338	172	0.89	115亿	845亿	59.6亿		436亿		-0.41		-1.35		1.61		2.83		
106	603993	洛阳钼业	7.47	-0.80	-0.06	71.9万	112	7.47	7.48	7.53	10.17	0.55	5.39亿	-0.13	7.53	 有色金属	7.59	7.42	7.53	7.53	2.26	0.71	44.80	1.11万	7.50	41.1万	30.8万	1.33	183	113	4.15	216亿	1613亿	130亿		968亿		-3.86		-9.67		1.72		4.47		
107	000559	万向钱潮	8.12	-0.73	-0.06	4.30万	424	8.12	8.13	8.18	-19.51	0.16	3508万	-0.12	8.18	 汽车行业	8.25	8.11	8.18	8.18	1.71	0.52	24.96	1738	8.16	2.85万	1.45万	1.96	393	493	4.71	27.5亿	224亿	27.5亿		224亿		-2.29		-5.25		0.60		1.65		
108	000157	中联重科	4.18	-0.71	-0.03	13.4万	1235	4.18	4.19	4.21	-6.04	0.22	5641万	0.00	4.21	 机械行业	4.22	4.18	4.21	4.21	0.95	0.97	-6.56	-2504	4.20	8.38万	5.07万	1.65	4648	5504	0.86	77.9亿	326亿	62.3亿		260亿		-1.65		-3.02		0.65		1.33		
109	600415	小商品城	5.04	-0.59	-0.03	7.80万	2	5.03	5.04	5.07	-13.15	0.14	3944万	0.20	5.07	 商业百货	5.07	5.03	5.07	5.07	0.79	0.96	22.64	6026	5.06	5.09万	2.71万	1.87	3650	923	2.31	54.4亿	274亿	54.4亿		274亿		-1.75		-2.89		0.44		0.89		
110	601958	金钼股份	6.74	-0.59	-0.04	6.68万	2	6.74	6.75	6.78	-7.47	0.21	4527万	-0.30	6.78	 有色金属	6.86	6.72	6.78	6.78	2.06	0.74	62.81	4963	6.78	3.72万	2.96万	1.26	304	179	1.70	32.3亿	217亿	32.3亿		217亿		-3.02		-6.39		0.63		1.61		
111	600111	北方稀土	11.98	-0.58	-0.07	18.6万	22	11.98	11.99	12.08	-13.98	0.51	2.24亿	0.00	12.08	 有色金属	12.16	11.94	12.08	12.05	1.83	0.75	46.19	3310	12.04	11.4万	7.20万	1.58	213	398	4.87	36.3亿	435亿	36.3亿		435亿		-3.31		-6.41		1.84		3.93		
112	600023	浙能电力	5.22	-0.57	-0.03	6.42万	1	5.21	5.23	5.23	-4.32	0.05	3361万	0.00	5.23	 电力行业	5.27	5.20	5.23	5.25	1.33	0.54	-40.98	-5901	5.23	3.97万	2.45万	1.62	41	728	1.16	136亿	710亿	136亿		710亿		-2.25		-0.38		0.17		0.49		
113	002385	大北农	5.37	-0.56	-0.03	7.93万	3655	5.36	5.37	5.41	-7.76	0.35	4257万	0.19	5.41	 农牧饲渔	5.42	5.34	5.41	5.40	1.48	0.72	23.36	5450	5.37	4.65万	3.28万	1.42	3697	109	2.26	42.4亿	228亿	22.7亿		122亿		-0.37		-1.47		1.28		2.78		
114	600332	白云山	42.99	-0.56	-0.24	35.9万	284	42.99	43.00	43.23	9.61	3.36	16.0亿	-0.19	43.23	 医药制造	46.25	42.50	43.23	43.23	8.67	1.75	72.26	979	44.57	18.0万	17.9万	1.00	779	51	3.53	16.3亿	699亿	10.7亿		460亿		0.70		1.22		7.57		12.94		
115	600016	民生银行	7.77	-0.51	-0.04	41.8万	20	7.77	7.78	7.79	-7.99	0.14	3.26亿	-0.13	7.79	 银行	7.83	7.74	7.79	7.81	1.15	0.84	-23.49	-8803	7.78	24.2万	17.6万	1.38	80	826	0.76	365亿	2835亿	296亿		2296亿		-0.51		-2.14		0.41		0.98		
116	600583	海油工程	6.03	-0.50	-0.03	16.1万	33	6.03	6.04	6.02	-5.04	0.36	9742万	-0.17	6.02	 石油行业	6.11	6.02	6.02	6.06	1.49	0.45	37.72	7606	6.05	8.86万	7.23万	1.23	268	505	1.17	44.2亿	267亿	44.2亿		267亿		-5.78		-8.64		1.58		4.41		
117	000938	紫光股份	68.03	-0.47	-0.32	3.17万	627	68.03	68.08	68.46	-0.01	1.54	2.18亿	0.06	68.46	 电子信息	69.78	67.95	68.46	68.35	2.68	0.65	97.74	1470	68.74	1.65万	1.52万	1.09	932	7	2.79	10.4亿	709亿	2.06亿		140亿		-8.07		-7.53		6.73		13.46		
118	000402	金 融 街	9.33	-0.43	-0.04	6.51万	730	9.31	9.33	9.35	-18.45	0.22	6075万	0.00	9.35	 房地产	9.43	9.26	9.35	9.37	1.81	0.69	-21.36	-878	9.34	3.90万	2.61万	1.50	41	371	0.93	29.9亿	279亿	29.9亿		279亿		0.00		-0.74		0.65		1.79		
119	002304	洋河股份	135.78	-0.42	-0.57	5.91万	301	135.78	135.88	134.67	-2.47	0.48	8.22亿	0.00	134.67	 酿酒行业	142.19	134.67	134.67	136.35	5.52	1.62	32.45	49	139.01	3.11万	2.80万	1.11	76	3	6.21	15.1亿	2046亿	12.4亿		1687亿		7.76		5.26		1.33		1.94		
120	000656	金科股份	5.08	-0.39	-0.02	8.12万	225	5.07	5.08	5.12	8.28	0.16	4138万	0.20	5.12	 房地产	5.12	5.05	5.12	5.10	1.37	0.79	1.13	145	5.09	4.43万	3.70万	1.20	135	648	1.49	53.4亿	271亿	52.2亿		265亿		-2.50		-4.15		0.46		1.15		
121	600177	雅戈尔	8.28	-0.36	-0.03	3.73万	6	8.27	8.28	8.31	-11.12	0.10	3089万	0.00	8.31	 房地产	8.33	8.26	8.31	8.31	0.84	0.52	-10.53	-698	8.29	2.22万	1.51万	1.47	233	135	1.19	35.8亿	297亿	35.8亿		297亿		-0.96		-1.78		0.36		1.09		
122	601006	大秦铁路	8.40	-0.36	-0.03	31.4万	90	8.40	8.41	8.43	-8.60	0.21	2.65亿	-0.12	8.43	 交运物流	8.49	8.37	8.43	8.43	1.42	0.99	0.92	267	8.42	14.5万	16.9万	0.85	1004	5004	1.21	149亿	1249亿	149亿		1249亿		-0.47		-3.45		0.62		1.28		
123	601398	工商银行	5.74	-0.35	-0.02	301万	3004	5.74	5.75	5.75	-3.23	0.11	17.1亿	0.17	5.75	 银行	5.76	5.62	5.75	5.76	2.43	1.52	-43.45	-7.58万	5.68	179万	122万	1.47	9092	3.46万	0.98	3564亿	2.05万亿2696亿		1.55万亿	-0.52		-4.81		0.23		0.48		
124	002230	科大讯飞	36.56	-0.33	-0.12	16.7万	1464	36.55	36.56	36.68	-10.75	0.92	6.16亿	0.00	36.68	 软件服务	37.15	36.45	36.68	36.68	1.91	0.74	52.26	1144	36.80	9.45万	7.28万	1.30	686	154	9.91	20.8亿	761亿	18.2亿		664亿		-1.85		-3.74		3.75		7.16		
125	600170	上海建工	3.60	-0.28	-0.01	11.4万	21	3.60	3.61	3.61	-2.96	0.13	4120万	0.00	3.61	 工程建设	3.62	3.60	3.61	3.61	0.55	0.90	-14.08	-1.16万	3.61	7.51万	3.92万	1.92	967	6078	1.32	89.0亿	321亿	84.9亿		306亿		-1.64		-2.44		0.39		0.88		
126	601229	上海银行	15.62	-0.26	-0.04	26.2万	55	15.61	15.62	15.55	7.05	0.71	4.05亿	0.19	15.55	 银行	15.63	15.25	15.55	15.66	2.43	1.82	26.79	2099	15.44	15.4万	10.8万	1.42	345	20	0.93	78.1亿	1219亿	37.1亿		579亿		-0.38		-1.95		1.43		2.65		
127	002475	立讯精密	23.62	-0.25	-0.06	13.5万	264	23.62	23.63	23.68	-10.75	0.43	3.22亿	0.00	23.68	 电子元件	24.10	23.60	23.68	23.68	2.11	1.24	-39.15	-1593	23.89	7.01万	6.48万	1.08	377	64	5.60	31.7亿	749亿	31.6亿		747亿		2.34		-1.54		1.24		2.15		
128	600027	华电国际	4.09	-0.24	-0.01	31.1万	85	4.08	4.09	4.08	-7.82	0.46	1.28亿	-0.49	4.08	 电力行业	4.17	4.03	4.08	4.10	3.41	0.52	49.89	9297	4.11	16.1万	15.1万	1.07	525	513	0.95	98.6亿	403亿	67.8亿		277亿		-0.24		4.87		2.20		4.90		
129	600893	航发动力	24.48	-0.24	-0.06	4.96万	46	24.49	24.50	24.55	-0.33	0.25	1.22亿	0.25	24.55	 航天航空	24.68	24.35	24.55	24.54	1.34	0.66	22.42	115	24.49	2.80万	2.16万	1.30	110	39	2.14	22.5亿	551亿	19.5亿		477亿		-1.29		-5.37		0.88		2.19		
130	601718	际华集团	4.53	-0.22	-0.01	8.35万	1	4.52	4.54	4.53	-31.35	0.19	3790万	0.22	4.53	 纺织服装	4.57	4.51	4.53	4.54	1.32	0.74	12.42	2448	4.54	4.94万	3.42万	1.45	2129	1046	1.05	43.9亿	199亿	43.9亿		199亿		-5.03		-7.17		0.85		1.48		
131	000423	东阿阿胶	57.54	-0.19	-0.11	11.4万	472	57.53	57.54	57.66	-2.26	1.75	6.69亿	0.02	57.66	 医药制造	59.49	57.20	57.66	57.65	3.97	1.70	-29.54	-389	58.62	5.98万	5.44万	1.10	1	751	3.59	6.54亿	376亿	6.54亿		376亿		1.32		3.21		4.32		6.88		
132	600705	中航资本	5.31	-0.19	-0.01	18.8万	30	5.30	5.31	5.30	-4.35	0.25	9967万	0.00	5.30	 多元金融	5.34	5.28	5.30	5.32	1.13	0.89	-5.39	-1974	5.31	10.7万	8.10万	1.32	592	1257	1.98	89.8亿	477亿	76.2亿		405亿		-1.67		-4.32		0.82		1.62		
133	601318	中国平安	62.38	-0.19	-0.12	63.6万	44	62.36	62.37	62.32	-12.99	0.59	39.4亿	0.00	62.32	 保险	62.66	61.30	62.32	62.50	2.18	1.41	70.48	1.05万	61.98	37.4万	26.2万	1.43	1086	157	2.27	183亿	1.14万亿108亿		6757亿		1.89		-2.01		1.34		2.67		
134	601601	中国太保	33.33	-0.18	-0.06	29.9万	72	33.34	33.35	33.20	-23.71	0.48	9.83亿	0.03	33.20	 保险	33.36	32.20	33.20	33.39	3.47	1.72	40.23	1497	32.84	17.7万	12.2万	1.46	377	32	2.13	90.6亿	3020亿	62.9亿		2095亿		0.03		-4.96		1.01		1.86		
135	600398	海澜之家	13.37	-0.15	-0.02	27.0万	7	13.38	13.39	13.39	22.58	0.60	3.68亿	0.30	13.39	 纺织服装	13.83	13.32	13.39	13.39	3.81	1.35	44.51	605	13.61	13.8万	13.2万	1.05	5	179	4.88	44.9亿	601亿	44.9亿		601亿		3.64		-0.22		1.49		2.83		
136	601998	中信银行	6.61	-0.15	-0.01	34.5万	627	6.60	6.61	6.60	3.06	0.11	2.25亿	0.00	6.60	 银行	6.62	6.42	6.60	6.62	3.02	2.37	-4.79	-837	6.52	22.3万	12.2万	1.83	3664	604	0.87	489亿	3235亿	319亿		2109亿		0.00		-1.93		0.20		0.34		
137	000768	中航飞机	16.20	-0.12	-0.02	13.8万	1938	16.20	16.21	16.18	9.35	0.50	2.25亿	-0.06	16.18	 航天航空	16.48	16.15	16.18	16.22	2.03	0.71	47.89	919	16.30	6.69万	7.11万	0.94	248	170	2.85	27.7亿	449亿	27.7亿		449亿		-2.99		-6.84		1.96		3.99		
138	600089	特变电工	8.01	-0.12	-0.01	8.99万	35	8.01	8.02	8.01	-19.88	0.24	7216万	0.00	8.01	 输配电气	8.07	7.99	8.01	8.02	1.00	0.95	20.81	2183	8.02	5.63万	3.36万	1.67	102	309	1.05	37.1亿	298亿	37.1亿		298亿		-1.23		-3.61		0.72		1.51		
139	603288	海天味业	71.33	-0.07	-0.05	5.11万	17	71.40	71.48	71.20	16.77	0.19	3.71亿	0.10	71.20	 食品饮料	74.00	71.01	71.20	71.38	4.19	1.57	-61.90	-52	72.65	2.27万	2.84万	0.80	3	1	18.08	27.0亿	1927亿	27.0亿		1924亿		2.80		2.43		0.45		0.79		
140	000060	中金岭南	6.01	0.00	0.00	13.7万	763	6.00	6.01	6.00	-15.40	0.41	8234万	0.00	6.00	 有色金属	6.04	5.98	6.00	6.01	1.00	0.71	-0.09	-19	6.00	7.38万	6.33万	1.17	2056	1004	2.23	35.7亿	215亿	33.2亿		199亿		-0.33		-4.45		1.26		3.34		
141	000063	中兴通讯	----	----	----	----	----	----	----	----	-13.89	----	----	----	----	 通讯行业	----	----	----	31.31	----	----	----	----	----	----	----	----	----	----	4.09	41.9亿	1313亿	34.3亿		1075亿		0.00		0.00		0.00		0.00		
142	000630	铜陵有色	2.56	0.00	0.00	25.7万	3805	2.56	2.57	2.56	-11.99	0.27	6584万	0.00	2.56	 有色金属	2.57	2.55	2.56	2.56	0.78	0.85	-30.49	-7.08万	2.56	16.6万	9.13万	1.82	470	3.76万	1.53	105亿	269亿	95.6亿		245亿		-1.16		-1.92		0.80		1.85		
143	000825	太钢不锈	----	----	----	----	----	----	----	----	20.97	----	----	----	----	 钢铁行业	----	----	----	6.00	----	----	----	----	----	----	----	----	----	----	1.21	57.0亿	342亿	20.8亿		125亿		0.00		0.00		0.00		0.00		
144	002081	金 螳 螂	12.59	0.00	0.00	8.56万	595	12.59	12.60	12.55	-20.50	0.33	1.08亿	0.08	12.55	 装修装饰	12.77	12.50	12.55	12.59	2.14	0.83	-14.78	-155	12.61	4.41万	4.15万	1.06	39	310	2.77	26.4亿	333亿	25.6亿		322亿		0.24		-3.15		1.22		2.34		
145	002310	东方园林	----	----	----	----	----	----	----	----	-5.40	----	----	----	----	 园林工程	----	----	----	15.03	----	----	----	----	----	----	----	----	----	----	3.56	26.8亿	403亿	16.2亿		244亿		0.00		-16.22		0.00		13.10		
146	002602	世纪华通	35.20	0.00	0.00	1.52万	428	35.19	35.20	35.00	3.21	0.19	5318万	-0.14	35.00	 塑胶制品	35.30	34.92	35.00	35.20	1.08	0.85	26.42	181	35.07	6988	8173	0.85	117	178	3.78	14.6亿	514亿	7.98亿		281亿		-0.14		-0.45		0.57		1.31		
147	600372	中航电子	14.28	0.00	0.00	2.78万	2	14.28	14.29	14.30	6.50	0.16	3975万	0.21	14.30	 航天航空	14.49	14.11	14.30	14.28	2.66	0.43	-41.76	-866	14.32	1.62万	1.15万	1.40	45	164	3.79	17.6亿	251亿	17.6亿		251亿		-4.67		-5.37		0.76		1.99		
148	600489	中金黄金	8.37	0.00	0.00	9.24万	11	8.37	8.38	8.36	-11.43	0.27	7738万	0.12	8.36	 贵金属	8.42	8.33	8.36	8.37	1.08	0.51	-36.45	-3769	8.37	5.19万	4.05万	1.28	232	830	2.13	34.5亿	289亿	34.5亿		289亿		-2.22		-2.79		1.72		2.88		
149	600642	申能股份	5.51	0.00	0.00	4.66万	243	5.50	5.51	5.51	-6.31	0.10	2567万	0.18	5.51	 电力行业	5.53	5.49	5.51	5.51	0.73	0.41	-28.20	-8795	5.50	2.72万	1.95万	1.40	171	948	0.98	45.5亿	251亿	45.5亿		251亿		-1.78		-1.61		0.49		1.34		
150	601118	海南橡胶	----	----	----	----	----	----	----	----	-2.34	----	----	----	----	 塑胶制品	----	----	----	6.62	----	----	----	----	----	----	----	----	----	----	3.04	42.8亿	283亿	39.3亿		260亿		0.00		6.43		0.00		7.65		
151	601390	中国中铁	----	----	----	----	----	----	----	----	-11.80	----	----	----	----	 工程建设	----	----	----	7.47	----	----	----	----	----	----	----	----	----	----	1.15	228亿	1706亿	183亿		1369亿		0.00		0.00		0.00		0.00		
152	601866	中远海发	2.95	0.00	0.00	6.24万	28	2.94	2.95	2.94	-13.49	0.08	1841万	0.00	2.94	 港口水运	2.97	2.93	2.94	2.95	1.36	0.46	-19.73	-7298	2.95	3.84万	2.40万	1.60	3371	1389	2.18	117亿	345亿	79.3亿		234亿		-1.67		-5.45		0.28		0.94		
153	002415	海康威视	38.69	0.08	0.03	25.1万	2437	38.68	38.69	38.35	-1.28	0.32	9.77亿	0.05	38.35	 安防设备	39.23	38.10	38.35	38.66	2.92	0.91	53.39	1138	38.90	13.4万	11.7万	1.15	4	47	12.93	92.3亿	3570亿	79.1亿		3059亿		-3.06		-6.77		1.30		2.06		
154	000413	东旭光电	7.80	0.13	0.01	47.1万	7648	7.80	7.81	7.86	-16.52	1.15	3.70亿	0.00	7.86	 电子元件	7.96	7.77	7.86	7.79	2.44	0.83	42.12	9364	7.86	25.0万	22.1万	1.13	2226	1430	1.43	57.3亿	447亿	40.9亿		319亿		-4.18		-7.25		3.73		8.10		
155	002624	完美世界	37.78	0.13	0.05	4.20万	217	37.76	37.78	37.73	5.05	0.90	1.59亿	-0.05	37.73	 文化传媒	38.09	37.32	37.73	37.73	2.04	0.76	-30.91	-230	37.85	1.68万	2.52万	0.67	102	6	6.16	13.1亿	497亿	4.66亿		176亿		1.70		6.06		2.88		6.84		
156	600118	中国卫星	21.67	0.14	0.03	3.97万	18	21.64	21.65	21.67	-8.71	0.34	8648万	-0.09	21.67	 航天航空	21.93	21.63	21.67	21.64	1.39	0.66	7.89	74	21.76	2.09万	1.88万	1.11	21	107	4.88	11.8亿	256亿	11.8亿		256亿		-3.73		-5.74		1.43		2.89		
157	002466	天齐锂业	57.17	0.19	0.11	14.9万	1511	57.16	57.17	57.39	-1.15	1.31	8.56亿	0.02	57.39	 化工行业	58.09	56.22	57.39	57.06	3.28	0.83	44.18	504	57.42	7.43万	7.48万	0.99	325	185	7.25	11.4亿	653亿	11.4亿		649亿		-2.51		-4.75		3.90		9.26		
158	600487	亨通光电	34.74	0.20	0.07	11.0万	10	34.74	34.75	34.60	-23.11	0.89	3.83亿	0.12	34.60	 通讯行业	34.89	34.39	34.60	34.67	1.44	0.48	-22.51	-344	34.65	5.49万	5.55万	0.99	200	216	4.49	13.6亿	472亿	12.4亿		431亿		-2.03		-3.74		3.52		10.20		
159	000883	湖北能源	4.39	0.23	0.01	5.51万	354	4.38	4.39	4.38	-7.78	0.10	2424万	0.23	4.38	 电力行业	4.42	4.37	4.38	4.38	1.14	0.58	-39.96	-1.00万	4.40	3.60万	1.91万	1.88	1478	34	1.10	65.1亿	286亿	53.5亿		235亿		-1.79		-1.35		0.38		1.00		
160	601899	紫金矿业	3.82	0.26	0.01	98.2万	179	3.82	3.83	3.79	-10.24	0.62	3.73亿	0.00	3.79	 贵金属	3.83	3.76	3.79	3.81	1.84	1.02	29.78	8.80万	3.79	49.8万	48.4万	1.03	6775	3.20万	2.51	230亿	880亿	158亿		604亿		-1.80		-4.50		2.02		3.68		
161	601988	中国银行	3.83	0.26	0.01	123万	344	3.82	3.83	3.80	-3.78	0.06	4.68亿	0.00	3.80	 银行	3.84	3.76	3.80	3.82	2.09	1.38	34.53	10.00万	3.80	60.2万	63.1万	0.95	2.09万	6484	0.80	2944亿	1.13万亿2108亿		8072亿		0.52		-2.05		0.13		0.27		
162	601288	农业银行	3.62	0.28	0.01	280万	179	3.62	3.63	3.60	-0.52	0.10	10.0亿	-0.28	3.60	 银行	3.63	3.55	3.60	3.61	2.22	1.18	-3.66	-1.52万	3.58	162万	117万	1.38	1.04万	7.60万	0.89	3248亿	1.18万亿2941亿		1.06万亿	0.22		-3.26		0.22		0.50		
163	600703	三安光电	21.00	0.29	0.06	29.5万	49	21.01	21.02	20.94	-23.28	0.72	6.18亿	-0.19	20.94	 电子元件	21.15	20.71	20.94	20.94	2.10	0.75	29.33	1692	20.92	16.3万	13.2万	1.23	849	58	4.13	40.8亿	856亿	40.8亿		856亿		-1.41		-5.53		2.66		5.56		
164	601328	交通银行	6.10	0.33	0.02	95.3万	6073	6.09	6.10	6.07	-0.48	0.24	5.77亿	0.00	6.07	 银行	6.11	6.01	6.07	6.08	1.64	1.75	-25.25	-2.63万	6.06	54.8万	40.5万	1.35	2455	3232	0.75	743亿	4530亿	393亿		2394亿		0.16		-1.61		0.50		0.93		
165	600688	上海石化	5.84	0.34	0.02	10.1万	41	5.84	5.85	5.82	-8.06	0.14	5881万	-0.17	5.82	 石油行业	5.85	5.79	5.82	5.82	1.03	0.53	46.63	1.80万	5.83	5.35万	4.74万	1.13	2970	3003	2.10	108亿	632亿	73.3亿		428亿		-1.85		-4.26		0.60		1.43		
166	600895	张江高科	13.01	0.39	0.05	3.07万	11	12.98	13.00	12.97	-8.81	0.20	3994万	0.23	12.97	 房地产	13.11	12.90	12.97	12.96	1.62	0.86	25.40	299	13.00	1.66万	1.41万	1.18	91	16	2.33	15.5亿	201亿	15.5亿		201亿		-1.51		-3.91		0.64		1.35		
167	600886	国投电力	7.54	0.40	0.03	19.8万	10	7.54	7.55	7.50	-7.22	0.29	1.49亿	-0.13	7.50	 电力行业	7.61	7.44	7.50	7.51	2.26	0.62	-37.66	-3858	7.53	9.28万	10.5万	0.88	909	724	1.62	67.9亿	512亿	67.9亿		512亿		0.94		0.94		1.20		2.63		
168	600900	长江电力	16.98	0.41	0.07	16.1万	7	16.98	16.99	16.86	3.34	0.14	2.72亿	0.18	16.86	 电力行业	16.99	16.81	16.86	16.91	1.06	1.35	-78.12	-1.15万	16.87	9.44万	6.66万	1.42	293	339	2.71	220亿	3736亿	115亿		1954亿		2.29		1.92		0.42		0.66		
169	600977	中国电影	17.27	0.41	0.07	14.0万	72	17.28	17.29	17.22	2.34	2.48	2.45亿	-0.12	17.22	 文化传媒	17.68	17.18	17.22	17.20	2.91	1.32	50.86	654	17.48	6.92万	7.08万	0.98	48	91	3.02	18.7亿	322亿	5.65亿		97.6亿		0.12		-0.58		5.40		11.86		
170	600008	首创股份	4.78	0.42	0.02	23.7万	44	4.78	4.79	4.75	-4.28	0.49	1.13亿	0.00	4.75	 公用事业	4.79	4.70	4.75	4.76	1.89	1.32	73.77	16.1万	4.75	12.7万	11.0万	1.16	1.09万	9717	2.95	48.2亿	230亿	48.2亿		230亿		0.00		-1.44		1.09		2.36		
171	601766	中国中车	9.46	0.42	0.04	45.4万	55	9.46	9.47	9.40	-20.15	0.20	4.26亿	0.00	9.40	 交运设备	9.47	9.30	9.40	9.42	1.80	1.70	55.43	4.35万	9.38	28.1万	17.3万	1.62	7351	3270	2.21	287亿	2715亿	229亿		2168亿		-0.42		-2.87		0.42		0.78		
172	600028	中国石化	6.95	0.43	0.03	78.5万	335	6.95	6.96	6.94	12.72	0.08	5.45亿	0.00	6.94	 石油行业	6.99	6.91	6.94	6.92	1.16	0.58	-10.46	-1.41万	6.95	40.6万	37.9万	1.07	1.34万	8456	1.13	1211亿	8414亿	956亿		6641亿		-0.71		-4.40		0.36		0.78		
173	601111	中国国航	11.35	0.44	0.05	42.0万	204	11.35	11.36	11.26	-4.95	0.44	4.69亿	0.18	11.26	 民航机场	11.36	11.01	11.26	11.30	3.10	1.02	-28.14	-3330	11.17	22.1万	19.9万	1.11	1196	3142	1.87	145亿	1649亿	94.5亿		1072亿		2.81		-0.53		1.21		2.63		
174	601611	中国核建	9.10	0.44	0.04	4.65万	11	9.10	9.11	9.05	-9.25	0.48	4210万	0.00	9.05	 工程建设	9.11	8.99	9.05	9.06	1.32	1.32	80.21	2.01万	9.06	2.74万	1.91万	1.44	2897	869	2.94	26.3亿	239亿	9.62亿		87.5亿		-0.22		-2.05		1.21		2.32		
175	601628	中国人寿	25.13	0.44	0.11	12.1万	42	25.12	25.14	24.90	-19.51	0.06	3.00亿	0.20	24.90	 保险	25.15	24.33	24.90	25.02	3.28	1.75	67.27	3173	24.76	7.83万	4.28万	1.83	1173	378	2.17	283亿	7103亿	208亿		5233亿		1.00		-0.99		0.12		0.22		
176	600018	上港集团	6.69	0.45	0.03	13.6万	10	6.69	6.70	6.61	4.81	0.06	9099万	0.00	6.61	 港口水运	6.70	6.60	6.61	6.66	1.50	0.84	17.17	5667	6.67	6.61万	7.03万	0.94	1886	4279	2.17	232亿	1550亿	228亿		1522亿		-0.30		-1.18		0.20		0.42		
177	600660	XD福耀玻	24.74	0.45	0.11	7.82万	93	24.74	24.75	24.50	-22.52	0.39	1.92亿	-0.08	24.50	 玻璃陶瓷	24.76	24.15	24.50	24.63	2.48	1.05	65.63	2062	24.52	3.86万	3.96万	0.98	201	22	3.55	25.1亿	621亿	20.0亿		496亿		1.64		0.04		1.14		2.25		
178	601997	贵阳银行	13.50	0.45	0.06	15.4万	5	13.50	13.51	13.42	8.01	1.25	2.07亿	0.00	13.42	 银行	13.51	13.25	13.42	13.44	1.93	1.56	-17.22	-1026	13.38	9.08万	6.37万	1.42	569	1186	1.19	23.0亿	310亿	12.4亿		167亿		-0.15		-2.46		2.65		5.24		
179	603799	华友钴业	107.35	0.45	0.48	8.38万	1	107.33	107.35	106.08	35.85	1.43	9.01亿	-0.05	106.08	 有色金属	109.16	105.01	106.08	106.87	3.88	0.69	55.26	210	107.57	3.93万	4.44万	0.89	49	7	9.42	5.93亿	636亿	5.86亿		629亿		-4.45		-7.36		5.53		11.74		
180	600383	金地集团	10.70	0.47	0.05	24.0万	34	10.70	10.71	10.66	-11.24	0.53	2.53亿	0.00	10.66	 房地产	10.71	10.39	10.66	10.65	3.00	1.37	6.46	925	10.55	15.3万	8.68万	1.76	1087	1639	1.17	45.1亿	483亿	45.1亿		483亿		0.19		-5.14		1.16		2.46		
181	601800	中国交建	12.75	0.47	0.06	8.16万	367	12.75	12.76	12.69	4.22	0.07	1.03亿	0.00	12.69	 工程建设	12.76	12.40	12.69	12.69	2.84	1.90	36.80	3035	12.63	5.08万	3.08万	1.65	1865	16	1.26	162亿	2062亿	117亿		1498亿		-0.55		-2.00		0.15		0.25		
182	000425	徐工机械	4.22	0.48	0.02	33.8万	2441	4.22	4.23	4.20	-12.74	0.48	1.43亿	0.24	4.20	 机械行业	4.26	4.19	4.20	4.20	1.67	0.88	-25.47	-1.87万	4.22	16.9万	16.9万	1.00	96	4361	1.35	70.1亿	296亿	69.9亿		295亿		-0.94		-2.76		1.50		3.24		
183	600029	南方航空	10.38	0.48	0.05	66.0万	42	10.38	10.39	10.34	-13.17	0.94	6.75亿	0.00	10.34	 民航机场	10.40	10.03	10.34	10.33	3.58	1.07	-49.89	-1.15万	10.22	35.3万	30.8万	1.15	1630	3231	1.98	101亿	1047亿	70.2亿		729亿		3.18		1.76		2.52		5.35		
184	600208	新湖中宝	4.21	0.48	0.02	30.1万	86	4.21	4.22	4.18	-17.62	0.35	1.25亿	0.00	4.18	 房地产	4.22	4.13	4.18	4.19	2.15	1.30	-20.28	-7399	4.17	16.2万	13.8万	1.18	714	7186	1.09	86.0亿	362亿	86.0亿		362亿		-1.41		-3.88		0.99		1.69		
185	601668	中国建筑	8.31	0.48	0.04	55.7万	35	8.31	8.32	8.27	-6.98	0.19	4.60亿	0.00	8.27	 工程建设	8.32	8.17	8.27	8.27	1.81	1.23	36.95	5.49万	8.25	32.9万	22.8万	1.44	2.70万	1.91万	1.22	300亿	2493亿	297亿		2471亿		0.24		-2.69		0.54		0.95		
186	601919	中远海控	6.30	0.48	0.03	27.3万	453	6.30	6.31	6.22	-16.69	0.36	1.71亿	-0.16	6.22	 港口水运	6.32	6.22	6.22	6.27	1.59	0.89	50.06	2.99万	6.28	13.4万	13.9万	0.97	347	3194	3.19	102亿	644亿	76.4亿		481亿		2.61		-1.41		0.99		2.36		
187	600036	招商银行	28.94	0.49	0.14	48.1万	271	28.94	28.95	28.65	1.07	0.23	13.8亿	-0.03	28.65	 银行	28.98	28.41	28.65	28.80	1.98	1.28	2.92	318	28.65	28.8万	19.3万	1.49	1821	863	1.58	252亿	7299亿	206亿		5970亿		-0.55		-4.39		0.65		1.14		
188	601166	兴业银行	16.08	0.50	0.08	61.1万	2175	16.07	16.09	15.99	-5.18	0.32	9.76亿	0.06	15.99	 银行	16.09	15.86	15.99	16.00	1.44	1.65	-8.34	-2762	15.98	34.0万	27.1万	1.25	5159	9346	0.81	208亿	3340亿	191亿		3064亿		0.50		-1.59		0.69		1.29		
189	601818	光大银行	4.02	0.50	0.02	86.1万	2547	4.01	4.02	3.99	-0.25	0.22	3.44亿	0.25	3.99	 银行	4.02	3.96	3.99	4.00	1.50	1.64	7.67	1.07万	3.99	45.9万	40.2万	1.14	6697	1.88万	0.78	525亿	2110亿	398亿		1600亿		0.00		-1.71		0.52		0.88		
190	000895	双汇发展	27.64	0.51	0.14	16.6万	589	27.63	27.64	27.45	-1.47	0.50	4.61亿	-0.07	27.45	 食品饮料	28.16	27.39	27.45	27.50	2.80	1.68	-26.73	-391	27.88	8.49万	8.06万	1.05	6	558	7.56	33.0亿	912亿	33.0亿		912亿		6.31		2.07		1.23		2.00		
191	601117	中国化学	7.96	0.51	0.04	20.5万	100	7.95	7.96	7.91	8.15	0.42	1.63亿	0.00	7.91	 工程建设	8.04	7.87	7.91	7.92	2.15	1.00	14.15	2798	7.97	8.33万	12.1万	0.69	2137	313	1.37	49.3亿	393亿	49.3亿		393亿		2.31		-1.00		1.11		2.48		
192	600115	东方航空	7.53	0.53	0.04	29.7万	20	7.52	7.53	7.44	-13.76	0.30	2.22亿	0.00	7.44	 民航机场	7.56	7.33	7.44	7.49	3.07	0.79	21.42	7136	7.45	15.5万	14.3万	1.08	644	60	1.97	145亿	1089亿	98.1亿		739亿		2.73		0.40		1.05		2.23		
193	600690	青岛海尔	18.83	0.53	0.10	31.7万	47	18.82	18.83	18.76	-9.02	0.52	5.95亿	-0.05	18.76	 家电行业	18.85	18.60	18.76	18.73	1.33	1.08	-10.88	-1233	18.75	14.8万	17.0万	0.87	1060	584	3.43	61.0亿	1148亿	61.0亿		1148亿		4.67		1.40		1.70		2.93		
194	600482	中国动力	24.05	0.54	0.13	2.98万	17	24.04	24.05	23.85	-1.65	0.33	7128万	0.00	23.85	 机械行业	24.08	23.75	23.85	23.92	1.38	0.56	27.22	819	23.93	1.52万	1.46万	1.04	39	171	1.59	17.3亿	417亿	9.09亿		219亿		0.50		0.08		1.38		3.27		
195	601618	中国中冶	3.69	0.54	0.02	12.8万	50	3.69	3.70	3.67	-23.76	0.07	4707万	0.00	3.67	 工程建设	3.70	3.67	3.67	3.67	0.82	0.68	-2.60	-832	3.69	6.39万	6.38万	1.00	296	5391	1.16	207亿	765亿	179亿		659亿		-1.60		-4.40		0.24		0.60		
196	000625	长安汽车	10.23	0.59	0.06	7.94万	624	10.22	10.23	10.18	-17.78	0.21	8117万	0.10	10.18	 汽车行业	10.27	10.15	10.18	10.17	1.18	0.81	-52.70	-6120	10.22	4.42万	3.53万	1.25	218	219	1.00	48.0亿	491亿	37.6亿		385亿		-0.58		-3.94		0.67		1.51		
197	002241	歌尔股份	11.77	0.60	0.07	19.6万	1546	11.77	11.78	11.75	-34.81	0.72	2.31亿	0.00	11.75	 电子元件	11.95	11.71	11.75	11.70	2.05	0.55	38.83	2270	11.82	10.3万	9.31万	1.10	1307	300	2.59	32.5亿	382亿	27.2亿		321亿		-3.13		-5.69		2.98		7.29		
198	601699	潞安环能	10.05	0.60	0.06	30.2万	164	10.04	10.05	10.05	-9.84	1.01	3.05亿	0.00	10.05	 煤炭采选	10.17	10.01	10.05	9.99	1.60	0.66	28.37	2661	10.08	15.5万	14.8万	1.05	374	176	1.35	29.9亿	301亿	29.9亿		301亿		1.01		-7.88		2.58		8.69		
199	600547	山东黄金	26.84	0.68	0.18	6.78万	117	26.85	26.86	26.63	-10.20	0.47	1.82亿	0.00	26.63	 贵金属	27.03	26.63	26.63	26.66	1.50	0.57	83.83	1856	26.82	3.23万	3.55万	0.91	4	32	3.00	18.6亿	498亿	14.5亿		390亿		-1.83		-1.32		2.51		4.56		
200	600373	中文传媒	15.66	0.71	0.11	7.71万	24	15.64	15.66	15.57	-15.89	0.56	1.22亿	-0.19	15.57	 文化传媒	15.95	15.53	15.57	15.55	2.70	0.97	-21.69	-691	15.76	4.29万	3.43万	1.25	286	41	1.78	13.8亿	216亿	13.8亿		216亿		0.58		3.37		1.45		3.44		
201	600031	三一重工	8.36	0.72	0.06	51.6万	56	8.36	8.37	8.29	-3.86	0.67	4.33亿	0.00	8.29	 机械行业	8.44	8.26	8.29	8.30	2.17	0.90	-19.11	-3342	8.40	22.3万	29.3万	0.76	274	1940	2.39	77.1亿	644亿	76.5亿		639亿		1.58		-3.69		1.76		4.44		
202	000725	京东方Ａ	4.08	0.74	0.03	301万	3.69万	4.07	4.08	4.04	-25.39	0.89	12.3亿	0.25	4.04	 电子元件	4.13	4.02	4.04	4.05	2.72	0.76	-20.19	-11.2万	4.08	149万	152万	0.98	2.95万	1.78万	1.64	348亿	1420亿	339亿		1382亿		-3.77		-7.48		3.83		6.75		
203	601098	中南传媒	13.79	0.80	0.11	5.61万	2	13.78	13.79	13.64	-9.79	0.31	7729万	-0.07	13.64	 文化传媒	13.96	13.46	13.64	13.68	3.65	1.64	5.47	79	13.79	2.46万	3.14万	0.78	37	20	1.82	18.0亿	248亿	18.0亿		248亿		0.58		3.06		0.64		1.26		
204	600352	浙江龙盛	13.00	0.85	0.11	66.3万	34	13.00	13.01	12.90	-6.92	2.04	8.55亿	0.00	12.90	 化工行业	13.13	12.65	12.90	12.89	3.72	0.93	-19.80	-1311	12.91	31.8万	34.5万	0.92	89	575	2.30	32.5亿	423亿	32.5亿		423亿		1.48		-0.61		6.12		12.99		
205	600674	川投能源	9.45	0.85	0.08	10.2万	5	9.42	9.46	9.36	-13.16	0.23	9601万	0.32	9.36	 电力行业	9.47	9.29	9.36	9.37	1.92	1.09	-58.12	-4027	9.39	4.69万	5.53万	0.85	185	35	1.79	44.0亿	416亿	44.0亿		416亿		1.18		1.07		0.61		1.30		
206	600362	江西铜业	17.12	0.88	0.15	13.2万	5	17.11	17.12	16.96	-14.92	0.64	2.25亿	-0.06	16.96	 有色金属	17.18	16.95	16.96	16.97	1.36	0.78	2.95	180	17.07	6.55万	6.63万	0.99	2354	40	1.23	34.6亿	593亿	20.8亿		355亿		0.12		-3.66		1.89		4.68		
207	000983	西山煤电	7.92	0.89	0.07	20.7万	1091	7.92	7.93	7.91	-23.37	0.66	1.64亿	0.00	7.91	 煤炭采选	8.01	7.86	7.91	7.85	1.91	0.77	-15.59	-998	7.93	10.1万	10.6万	0.96	554	377	1.34	31.5亿	250亿	31.5亿		250亿		0.38		-6.38		1.63		4.90		
208	600535	天士力	42.03	0.89	0.37	20.0万	53	42.11	42.14	41.94	25.15	1.85	8.54亿	-0.76	41.94	 医药制造	43.91	41.57	41.94	41.66	5.62	1.76	-91.05	-692	42.61	8.96万	11.1万	0.81	9	15	5.03	10.8亿	454亿	10.8亿		454亿		1.18		-2.16		4.08		7.13		
209	000050	深天马Ａ	16.76	0.90	0.15	16.0万	1292	16.76	16.77	16.69	-24.56	1.14	2.68亿	0.06	16.69	 电子元件	16.94	16.54	16.69	16.61	2.41	0.93	22.57	448	16.78	7.78万	8.19万	0.95	352	199	1.36	20.5亿	343亿	14.0亿		235亿		-1.41		-2.61		3.53		7.26		
210	000839	中信国安	6.40	0.95	0.06	20.5万	2.33万	6.40	6.41	6.34	-31.60	0.52	1.30亿	1.43	6.34	 电子信息	6.41	6.28	6.34	6.34	2.05	0.85	-29.87	-3306	6.34	11.3万	9.17万	1.24	1076	1026	3.68	39.2亿	251亿	39.2亿		251亿		-2.29		-4.33		1.86		3.60		
211	002493	荣盛石化	10.50	0.96	0.10	7.74万	729	10.47	10.50	10.33	4.60	0.15	8113万	0.38	10.33	 化纤行业	10.59	10.33	10.33	10.40	2.50	0.57	13.16	405	10.48	3.73万	4.01万	0.93	118	556	4.17	57.2亿	601亿	51.3亿		538亿		0.57		-2.87		0.48		1.48		
212	000898	鞍钢股份	6.10	0.99	0.06	18.3万	1068	6.09	6.10	6.05	-1.10	0.30	1.11亿	0.00	6.05	 钢铁行业	6.13	5.96	6.05	6.04	2.81	1.37	-1.12	-161	6.05	7.45万	10.9万	0.69	388	674	0.86	72.3亿	441亿	61.5亿		375亿		0.66		-2.71		0.63		1.39		
213	600104	上汽集团	35.67	0.99	0.35	18.8万	54	35.60	35.61	35.32	-0.34	0.16	6.69亿	-0.14	35.32	 汽车行业	36.03	34.98	35.32	35.32	2.97	1.39	70.95	713	35.61	9.40万	9.39万	1.00	125	1	1.78	117亿	4167亿	115亿		4103亿		4.54		3.39		0.40		0.75		
214	600741	华域汽车	25.44	0.99	0.25	10.9万	128	25.43	25.44	25.41	-25.26	0.38	2.77亿	-0.04	25.41	 汽车行业	25.49	25.01	25.41	25.19	1.91	1.11	-63.05	-1358	25.37	4.67万	6.24万	0.75	6	112	1.83	31.5亿	802亿	28.7亿		729亿		4.99		1.52		1.04		2.10		
215	601727	上海电气	6.13	0.99	0.06	11.1万	16	6.12	6.13	6.04	-14.20	0.11	6774万	0.00	6.04	 输配电气	6.16	6.04	6.04	6.07	1.98	0.76	-27.22	-3382	6.12	4.68万	6.39万	0.73	559	17	1.60	147亿	903亿	98.5亿		604亿		-0.65		-1.29		0.53		0.85		
216	601933	永辉超市	9.47	1.28	0.12	74.9万	30	9.46	9.47	9.27	-10.30	0.92	7.14亿	-0.11	9.27	 商业百货	9.64	9.26	9.27	9.35	4.06	1.16	6.84	1147	9.54	30.1万	44.8万	0.67	1302	329	4.70	95.7亿	906亿	81.4亿		770亿		0.74		3.38		2.44		4.89		
217	002508	老板电器	35.10	1.36	0.47	8.37万	468	35.09	35.10	34.67	-30.48	0.90	2.94亿	0.00	34.67	 家电行业	35.51	34.63	34.67	34.63	2.54	0.98	-5.69	-36	35.15	3.94万	4.43万	0.89	218	8	6.84	9.49亿	333亿	9.35亿		328亿		-1.40		-4.28		3.46		5.48		
218	002594	比亚迪	53.50	1.36	0.72	7.29万	964	53.50	53.51	52.53	-18.59	0.64	3.91亿	0.00	52.53	 汽车行业	54.28	52.42	52.53	52.78	3.52	1.23	-3.75	-10	53.68	2.90万	4.39万	0.66	82	46	2.85	27.3亿	1460亿	11.4亿		609亿		-1.20		-1.91		1.61		3.24		
219	601225	陕西煤业	8.08	1.38	0.11	71.4万	214	8.08	8.09	8.09	-1.96	0.71	5.79亿	0.00	8.09	 煤炭采选	8.17	8.06	8.09	7.97	1.38	0.87	-76.92	-2.44万	8.11	37.3万	34.1万	1.10	15	1629	1.70	100亿	808亿	100亿		808亿		0.50		-7.45		1.61		4.80		
220	002236	大华股份	24.66	1.48	0.36	23.1万	731	24.65	24.66	24.00	-2.56	1.36	5.68亿	0.04	24.00	 安防设备	25.00	23.90	24.00	24.30	4.53	0.95	-39.16	-1064	24.59	9.77万	13.3万	0.73	475	389	7.02	29.0亿	715亿	17.0亿		420亿		-0.24		-4.68		4.70		8.46		
221	600926	杭州银行	11.73	1.56	0.18	10.4万	6	11.73	11.74	11.56	-1.13	0.70	1.21亿	0.09	11.56	 银行	11.75	11.48	11.56	11.55	2.34	1.29	-35.45	-1175	11.61	4.81万	5.57万	0.86	59	818	0.98	36.6亿	430亿	14.7亿		173亿		-0.42		-1.35		1.71		3.43		
222	601021	春秋航空	37.50	1.68	0.62	2.40万	14	37.70	37.72	37.30	-10.95	0.30	8957万	0.73	37.30	 民航机场	37.77	36.61	37.30	36.88	3.15	0.93	81.42	377	37.35	1.01万	1.39万	0.72	32	3	2.79	9.17亿	344亿	8.00亿		300亿		1.99		5.51		0.96		1.92		
223	600808	马钢股份	3.60	1.69	0.06	37.0万	23	3.59	3.60	3.52	-8.96	0.62	1.31亿	0.00	3.52	 钢铁行业	3.61	3.49	3.52	3.54	3.39	1.19	-17.75	-7654	3.55	16.8万	20.2万	0.83	3954	604	1.10	77.0亿	277亿	59.7亿		215亿		-2.17		-5.26		1.49		3.21		
224	600019	宝钢股份	8.57	1.78	0.15	65.3万	224	8.56	8.57	8.40	6.94	0.30	5.55亿	-0.12	8.40	 钢铁行业	8.62	8.33	8.40	8.42	3.44	1.67	-45.46	-1.11万	8.49	27.9万	37.4万	0.75	1708	115	1.13	223亿	1908亿	221亿		1893亿		1.30		-2.39		0.63		1.18		
225	600739	辽宁成大	16.79	1.88	0.31	4.41万	18	16.79	16.80	16.53	-1.88	0.29	7411万	0.06	16.53	 商业百货	16.95	16.45	16.53	16.48	3.03	1.22	-47.68	-432	16.79	2.05万	2.36万	0.87	21	85	1.27	15.3亿	257亿	15.3亿		257亿		0.72		-2.72		0.67		1.48		
226	002195	二三四五	5.88	1.91	0.11	84.0万	5410	5.87	5.88	5.75	25.86	2.58	4.91亿	0.00	5.75	 电子信息	6.00	5.63	5.75	5.77	6.41	0.84	9.96	3607	5.84	39.9万	44.2万	0.90	3452	2063	2.55	34.2亿	201亿	32.5亿		191亿		-12.37		-16.12		10.62		17.99		
227	600887	伊利股份	27.58	2.83	0.76	140万	42	27.57	27.60	26.83	-18.36	2.32	38.8亿	-0.11	26.83	 食品饮料	28.25	26.83	26.83	26.82	5.29	2.15	-4.64	-182	27.77	64.0万	75.8万	0.84	11	141	6.17	60.8亿	1676亿	60.3亿		1664亿		6.28		1.06		4.48		7.71		
228	601018	宁波港	5.22	3.16	0.16	38.1万	8	5.21	5.22	5.16	-3.58	0.30	2.00亿	0.19	5.16	 港口水运	5.33	5.16	5.16	5.06	3.36	5.49	-55.35	-1.80万	5.24	17.8万	20.3万	0.88	142	116	1.85	132亿	688亿	128亿		668亿		2.55		1.36		0.41		0.57		
229	600009	上海机场	53.86	3.20	1.67	7.35万	13	53.91	53.93	52.23	10.62	0.67	3.93亿	0.02	52.23	 民航机场	54.30	52.11	52.23	52.19	4.20	1.61	74.57	563	53.42	3.12万	4.23万	0.74	583	10	3.97	19.3亿	1038亿	10.9亿		589亿		2.61		1.35		1.63		2.76		
230	600271	航天信息	26.35	3.33	0.85	22.2万	82	26.36	26.37	25.47	8.54	1.20	5.75亿	0.65	25.47	 软件服务	26.38	25.39	25.47	25.50	3.88	1.14	-26.09	-504	25.93	8.87万	13.3万	0.67	15	5	4.95	18.6亿	491亿	18.5亿		487亿		1.50		3.46		3.17		6.44		
231	600011	华能国际	6.94	3.58	0.24	24.0万	97	6.93	6.95	6.69	1.46	0.23	1.65亿	0.43	6.69	 电力行业	6.96	6.68	6.69	6.70	4.18	0.82	-41.94	-7145	6.87	11.4万	12.6万	0.90	144	1828	1.51	152亿	1055亿	105亿		729亿		0.87		6.77		0.65		1.62		
232	601888	中国国旅	64.08	3.64	2.25	15.9万	55	64.03	64.08	61.60	20.00	0.81	10.2亿	-0.12	61.60	 旅游酒店	65.26	61.60	61.60	61.83	5.92	2.45	33.83	271	64.23	6.03万	9.82万	0.61	2	165	8.29	19.5亿	1251亿	19.5亿		1251亿		2.58		2.89		1.52		2.47		
233	002065	东华软件	10.23	4.92	0.48	202万	1.76万	10.23	10.24	9.59	4.76	7.24	20.5亿	-0.10	9.59	 软件服务	10.50	9.51	9.59	9.75	10.15	2.55	3.52	770	10.14	85.6万	116万	0.73	5313	1405	3.56	31.4亿	321亿	27.9亿		286亿		15.46		15.46		13.98		13.98		
234	600804	鹏博士	16.23	5.60	0.86	26.7万	120	16.22	16.23	15.57	-18.79	1.86	4.28亿	0.12	15.57	 电信运营	16.30	15.41	15.57	15.37	5.79	2.51	-81.12	-2329	16.06	9.21万	17.5万	0.53	61	92	3.21	14.3亿	232亿	14.3亿		232亿		2.20		2.20		3.18		5.57		
